500 161.8 159.2 186.2 181.6 263.8
600 182 182.4 228.2 299.2 363.2
700 231.4 227.6 172.8 265 686
800 253.2 229 253 343.2 576.4
900 301 269.2 306 401.6 421
1000 508.6 449 417.4 335.4 396.2
1100 325.4 330.4 435.8 335.8 446
1200 419.6 395.8 377.2 367.6 938.8
1300 390.4 397.2 403.8 455.2 741.8
1400 454.4 417 570.4 828.8 1405.8
1500 579.4 424.8 556 586.4 917
1600 414 367.8 415.2 595.2 991.8
1700 517.8 457.2 434.2 612 653.4
1800 458 448 922 649 761.8
1900 546 510.6 579 971.4 824.8
2000 646.4 1202 692.4 826.6 999
2100 513.6 534.2 659.6 731.2 869
2200 610.8 669.2 619.6 849 1184.8
2300 771.6 734.8 771.8 849.6 1335.8
2400 619.6 596 932 1339.6 1897
2500 817.2 638.8 793.6 852.6 1633.4
2600 865.2 823.4 1047 1020.4 1733.6
2700 938.6 936.4 960.4 1215 1833.8
2800 823.2 792.6 918.8 1287.4 1901.2
2900 995.2 882 874.4 1106.4 1521.4
3000 930.4 1069.2 767.6 1249.8 1716.2
3100 1033 1017.2 1360.2 1624.2 2499.6
3200 968.4 884.6 955.6 1624.8 2321.8
3300 1122.4 1445.2 952.2 1713.6 1380.8
3400 983 1021.4 1250 1898.2 1389.2
3500 1073.8 1202.8 1216.4 1694.6 1720.6
3600 1072.4 1144 967.4 1459 1552.6
3700 1157.2 915.4 1123.6 1598.2 1599.2
3800 1106.8 1316.6 1065.2 1607 1883.2
3900 1247.8 1055.8 1142.6 1482.8 1746.8
4000 1346.4 991 1285.8 1387 1808.6
4100 1636 1503.4 1513.4 1306 1685.2
4200 1489.8 1075.8 1404.4 1386 1959.2
4300 1404.6 1451.4 1649.4 1270.2 2075.6
4400 1220.2 1237.4 1487.4 1498.6 2215.8
4500 1317.8 1313.4 1545 1507 2535.6
4600 1595 1190.4 1370.4 1566.8 2337.2
4700 1348 1318.8 1613 1599.2 2329.2
4800 1345 1646.8 1682.8 1763.2 2417.8
4900 1301 1287.6 2044.6 1721.4 2892
5000 1501.8 1684.6 2116.4 1738 3163.2
5100 1339.4 1665 1663.6 2202.8 2567.6
5200 1538.4 2185 1608.6 2196 2632
5300 1570.6 1345.6 1563.2 1919.4 3416.8
5400 1518.8 1719.8 2162.4 1840.4 3133.8
5500 1830.2 1440.8 1665 2140.4 3714.8
5600 2205.2 1694.8 1536 2025.6 3334.2
5700 1743.2 1926.6 1852 2021.8 3510.6
5800 1895.2 1919 1809.6 2079.6 3383.4
5900 2109.6 1874.8 1734.8 2279.6 4051.6
6000 2734.2 1569.4 2163.8 2783 4654.6
6100 1783.8 2043.2 2258.8 3013.2 4057.8
6200 1962.4 1791 1993.4 2458.4 4772
6300 2227.8 1823.6 1960.8 2946.2 4625
6400 1901.4 2151.2 2604.2 2555.2 3861.8
6500 2307.8 1717.6 1881.8 2447.4 3117.8
6600 2125.2 1738 1894 3596.2 2533
6700 2308.4 1924.8 2031.8 3824 2601.4
6800 1988 1939.8 2109.2 3643.6 3245.6
6900 2834.8 1875.8 2131.4 2994 2924
7000 2260.6 1847.2 2525 2813 3378.6
7100 2173.2 2027.2 2150 2907.4 4189.6
7200 2268.2 2116.4 2728.6 4072 4365
7300 2122 1965.6 2182 3102.4 2979.4
7400 2364.6 3007.2 3715.6 7727 4339.2
7500 2875.4 2107.2 2717.2 4312.4 3339.6
7600 2207.6 2206.4 2442 3378 3922.2
7700 2839.6 2101.2 2678 3136 3693.8
7800 2400.4 2260.8 2534 3128.8 4921.6
7900 2747 2918.6 2405.4 2564.6 3348
8000 2426.6 2157.6 2946.2 2977.8 4624.8
8100 2636 2496.6 2721.2 2741 4254.2
8200 3137.8 2175.6 3392 5648.8 4810
8300 2517.6 2271.8 2767.2 4764.8 5141.6
8400 2667 2895.6 3027.8 3130 6221
8500 3096.4 3817 4387.2 3118.6 4163.4
8600 3033.2 3201.6 4310.4 4637.6 5270.6
8700 2890.8 2800.4 3514 3453.8 5031.2
8800 2865.8 2894.4 4033 4388 5001.8
8900 3841.6 3070.6 3266.6 4322.6 4529.2
9000 2693.2 2943.8 3211.2 3753.6 5922.6
9100 3481.2 2989 3442.4 4759.2 7311.4
9200 4673.2 3804.6 3191.2 4826.2 6247.2
9300 2889.4 3385.6 4837.4 4033.2 6115
9400 3341.2 2641.2 3455.6 3853.8 5035.4
9500 2734.2 2827.2 3749.6 3136.6 5295.4
9600 2658.4 3126.4 3533.8 3506.8 5503.6
9700 3187.4 3323.6 3839.6 3973 5199
9800 2990 3279 3627.2 3412.8 5832.2
9900 2752 2838.8 3767.4 3901.4 5393
10000 3064.8 3624.4 3577.2 3852.4 6180.4
10100 3297.8 3157 4590.8 3911.2 5752
10200 3207.8 3467.2 4267.2 4030.6 5331.2
10300 3266.2 3290.4 4559.8 3723.4 6857.8
10400 2970 3722.4 3677.6 3893.8 5927
10500 2916.8 2907.6 3572.6 3928.6 6198.6
10600 3750.2 3617 3155.4 4476.2 6491.4
10700 3748.2 3626.8 3706.6 4318.8 6920.4
10800 3992.8 3080.4 3037.2 5280.2 5871.8
10900 3947 3597.6 3758.4 4924.8 6372.8
11000 3669.8 3095.2 3208 4807.2 8138
11100 4061.8 3211.4 3821.8 4110.8 6865.8
11200 3877.4 3152.8 3221.6 4713.6 6221
11300 3621.2 4086.2 3982 4580.8 6970.8
11400 4681.8 3534 4140.4 4772.8 7354.4
11500 3470.6 3898.8 3661.2 4859.6 6861.6
11600 3975.4 3716.4 3749 5373 8021.4
11700 3682 3817.8 4082.4 4910.4 7140.8
11800 3620 3491 3513.8 4834.2 6800.6
11900 4076.2 3380 3982.8 4881.6 8005.8
12000 3688 4302 4181.6 4978.6 7239.2
12100 4517.6 3664.8 4027.2 5298.4 7684.2
12200 3874.4 4147.8 3620.2 5085.4 7422.6
12300 5704.8 3947 4321.8 4698.6 8876.2
12400 4456.8 3845 4332.6 5728.2 9556.2
12500 5674 4385 5601.6 6219.4 12489.2
12600 4779.4 4829.6 5347.2 6207 9893
12700 4462.4 4002.2 5021.6 6895.8 8054
12800 5506.2 5851.2 6363.6 9770 10814.4
12900 5414.2 3926.4 4773.2 7333.8 7697.6
13000 6219 3883.4 4520.8 7550.2 9816.4
13100 5171.6 4692.6 5299.6 5572.6 5971.8
13200 4506.6 4191 5357 7371.4 6695
13300 4859.6 4835.6 4819 7070.8 6788.4
13400 5107.6 5162.2 4866.4 5799.6 6921.8
13500 4345 4474.2 4443 6651 6819.6
13600 5467.8 4642 4841.4 7002.8 6397.6
13700 5190.2 4740.8 5090.8 6855.4 6728.6
13800 6557.4 4893.2 4770.6 7047.2 7627.8
13900 5864.2 4872.8 5331.4 7977.2 6131
14000 5027.6 4348.8 5615 6192.8 6975.4
14100 4683.8 4796.4 5677.8 7241.2 6907.8
14200 6519.8 5104.8 5993 8738.2 7576
14300 5814.8 5038 5454.6 8329.2 8850.2
14400 10231.8 8377.4 7619.4 8460.8 8032.4
14500 5658 5241.6 5490 8079.2 7696.6
14600 5346.2 5247.4 5839.6 9327.6 8958.2
14700 6521.6 5536.8 9365.4 10969 10056.8
14800 5439.2 5285.2 5455.4 8441.8 9156
14900 5948.6 7572.8 9196.4 12271.8 11672.6
15000 5282.4 5592.4 6834.4 9377 8366.6
15100 6338.6 5098.4 6503 7613.6 7586.6
15200 6360.2 5129.8 5551 8612.4 8720
15300 6032.2 5299.8 5804.6 8820.6 8530.2
15400 5190.2 5320.2 6268.6 7811.6 8972
15500 5611.8 6123.8 5635.8 9415.2 9209
15600 6379.8 4640.6 5371.6 6999 9038.4
15700 5244 5650 6211.2 6835.6 8456.6
15800 5848.6 4946.8 5871 7017 8678.4
15900 6067.8 6182.6 5785.8 6039.6 9006.4
16000 5432 5899.2 5520.4 6707.4 8979.2
16100 6138.2 5131.6 5317.6 6417.4 7929.6
16200 5564.2 5489.8 5696.4 5327.4 8703.8
16300 5492.6 6384.6 5807.6 5949.2 8882.4
16400 5629.8 5197.4 6129.6 6821.2 9158.2
16500 6511.2 4881.8 6164 7438.2 9421.8
16600 5345.8 5659.8 5737 6213.2 9531
16700 6730.6 5949.8 6104 5843.6 9412.8
16800 6913.2 5149.8 6469.2 6481.4 8739.8
16900 6908.2 6411.6 7564.4 6546.6 8727.2
17000 5886.8 5391.4 7894.6 7028 9549
17100 6149 5238.4 6501.2 5768.8 10081
17200 6282.8 4975.8 6569.2 6828.4 8760.2
17300 5762.2 7096.6 8086.2 7183.4 10292.6
17400 6329.6 5648 8084.4 8683.2 12728
17500 6994.6 6846 8542.8 6854.8 17335.2
17600 6864 6973.4 7346.4 7498.4 15356.4
17700 5817.6 6383 6243.8 6952.2 9866.2
17800 5363 10278.6 10048.2 7230.6 13060.6
17900 7158.6 5564 14174 6482.2 13681
18000 5814 5191.8 7434.2 7442.4 9446.6
18100 6009 5425.6 6045.4 6180.2 9760
18200 5762.2 6361.2 6680.6 6421.8 9218.6
18300 6567.6 5692.2 6508.4 7299 10637.2
18400 6136.4 6390.4 7405 8182.8 10408.4
18500 5349.6 5646 10287.8 7818.8 18087.6
18600 5859.6 5469.6 7903 10874.8 11609
18700 6727.8 5757.8 10178.4 9175.8 11240.6
18800 5546.2 5619.4 7264 6895 9458.4
18900 5767.2 6790.4 6713.4 7479.4 10591.8
19000 5569 5563.6 6349.4 8359.6 10205.8
19100 5703.8 5858.4 7838.2 7468.8 11473.2
19200 7323.6 7438.6 8852 14101.4 12667.2
19300 6537.6 5787.2 9141.8 7697.2 11135.6
19400 6427.4 5818.6 8778.2 7081.4 11435.6
19500 5661.4 6866.6 8380.6 6943.8 10864.6
19600 5711 6752.8 8262 6871 10415.4
19700 6558.8 6055.8 7292.2 7536.2 10899.8
19800 6213.2 5581.2 7526 7137.8 11590
19900 5656 6020 6892 10649 12533.6
20000 6271.6 6168 7073.6 7530 11110.8
20100 6641.2 6090.2 7205.6 8354.8 10439.8
20200 6220 6166.8 7151.2 7496.6 10873.8
20300 6401.6 6692 8624 7404.6 13119.8
20400 6217.8 7014.6 7346.2 8627.4 11275.4
20500 6530.4 6293.2 7728.4 7882 11799.6
20600 6684.6 7636 7334.8 7471.6 11462.4
20700 6887.2 5837.6 7976.2 9213 11908.6
20800 6792.6 6356.2 7388.6 7283.8 11182.4
20900 7293.8 7073 7732 7947.8 12457
21000 6183.2 6298 7153 9154.2 12360.8
21100 7275.8 6567.4 7565.8 7478.4 11962
21200 7959.6 6262 6737.2 7952 11348.4
21300 6607.2 6447.6 6388.8 8032.2 12284.8
21400 6663.8 7127.8 6917.8 7569.4 12188.2
21500 7679.8 6618.6 6697 9078 13440.2
21600 8011.6 7643.4 6624.4 8234 12490.6
21700 6535.8 6201.8 6632 8811.8 12535.8
21800 6553 6989 7372 8649.6 12190
21900 11866.6 16059.2 8826.6 11965.8 21949.8
22000 7485.6 7741.2 11469.4 11012.8 16948.4
22100 8929.4 6806.6 7745.4 9860 15986.8
22200 10617.8 6872.4 9378.6 12780.6 14723.2
22300 8299 9166.4 7902.8 10483.4 17570.2
22400 9457.8 9192.4 9262 9792.6 14694.8
22500 7991.2 8168.2 8201 9970.2 18261.8
22600 8227 6582.2 13827.2 15311.4 15345
22700 8691.6 7982 7881 11386.2 15784
22800 8908.6 8283.2 10371.2 10030.2 17826.4
22900 11690.2 8009.8 8400.8 9661.6 18095
23000 9886.6 7060.2 7843.6 10224.6 15303.6
23100 8209 8373.8 8288.6 11025 15679.6
23200 8619.4 7899.4 7708.2 11048.4 15990.8
23300 9073.6 8590.2 8369.2 11231.8 18770.2
23400 8938.8 7873 8242.6 9724 15772
23500 8203 9178.6 9256.4 10613.2 16611.4
23600 10228 8816.8 8542.6 11016.6 15767.6
23700 9491.4 7683.4 8312.8 9849.8 16779.8
23800 9058 7436 7545.2 17690.2 14982
23900 9231.6 8203.2 8198.6 11882.4 16615.4
24000 7794.6 8425.8 8417.8 11007 15413.8
24100 9399.2 7356.8 8572.8 10136.2 14836
24200 8235.4 7584.4 8153 9906.4 15774.2
24300 7636.2 8606.6 9570.4 12125.4 15770
24400 9492.6 7314.4 8375.4 11365.4 22450.4
24500 10245.4 8453.6 8695.8 13778 17398.6
24600 9662.6 8071.6 8887 10391.8 16366.4
24700 10403.6 7927 8967 13296.2 20035.6
24800 13009.6 11825 13907.6 15060.6 27654.4
24900 10496.6 8760.4 9047 12878 20767.4
25000 9327 9588.2 10760.4 14264.2 19316
25100 10619.6 9504 10341.6 18890.2 31579.4
25200 10983.8 9851.2 9184.4 11703.6 19137
25300 10525.2 8113.6 9037.8 11795.6 20233
25400 10693.4 10010 9936.4 11491.6 18051.4
25500 9941.2 9007.4 8765.4 11386.6 18806.4
25600 9484.6 8700.4 9928.4 13691.8 17317
25700 9233.2 7641.8 8563.6 10755.6 17034
25800 10077.6 8769 9563 12571 16212.8
25900 11141.4 7758 8254.4 12032.2 15810.2
26000 11361 9032.8 9639 11502.4 13768.2
26100 10343.2 8246.6 8698.4 12384.4 12191.6
26200 10484 9261.2 9076.8 12711.6 11509
26300 10381.6 8700 8548 12645.8 11670
26400 10996.8 9193 9175.4 11395.4 11574.6
26500 10238.6 8590.2 9721.2 12747.8 11967.6
26600 10288.8 8179.6 9451.4 13393.4 12323.2
26700 9671.8 8497.8 9111.6 13185 12227.8
26800 11566.2 8529.2 10221 13578.4 13774.6
26900 10326 8462 9612.8 12361.4 13720.6
27000 9923.8 9435.8 10764 15569 14127.4
27100 10011.4 8866.4 10334 13726.2 13323.8
27200 10636.6 9616 10122.6 15745.4 12543.6
27300 11246.8 9035.6 10860.2 13366 14134.4
27400 9425.6 9737.6 9601.6 12121.6 11870
27500 9580.4 9078.8 9656.2 12315 13779.6
27600 10306 10019.2 9060 12874.4 13215.8
27700 10972.2 9202.2 11390 14275.4 12581.2
27800 11016.2 9724.4 11985.6 14381 13516.6
27900 10299.6 9837.8 9897.4 12433.2 15084.2
28000 9989.8 9068.4 9982.8 13889.8 13293.8
28100 11087.6 8287 10927.8 14068.4 13430.2
28200 9590.4 9863.8 10037 12624.6 15371
28300 10680.6 10520.6 10939.6 13117.4 14273.4
28400 11383.2 8829 9696.4 13322.2 13833.2
28500 10457.6 10619 10294.2 14808.8 14207
28600 10839.2 8682.4 10636.6 12562.8 13267.2
28700 10883.4 10539.2 13595 14027.8 15288.6
28800 10589.8 8809.4 11498.4 14325.4 14458.6
28900 11554.6 10456.2 10707.4 13144.8 13274.4
29000 10305 9556.6 9648 13671.4 13307.6
29100 11099 9144.6 11527 13734.2 14574.6
29200 10682.8 9204 13172.2 14799.8 14917.6
29300 10324.4 10803 9957.6 16681 14762.4
29400 10512.8 9603 10357.2 14748 15737.6
29500 11423.8 13037.8 12356.6 24793.6 15784.6
29600 10092.2 10429.2 10254.6 20087 14911.8
29700 10550.4 10024.6 10067.6 14146.6 13889.2
29800 11482.6 9827.6 12512.2 14985 15349.4
29900 11414.4 10523.2 11015.2 15866.2 14707.2
30000 10927 11344.6 10183.2 15668.8 14732.4
30100 11747.6 9341.8 12826 14190.2 15243.4
30200 11190.8 9540 11055.6 13487.4 15496
30300 10737 9552.2 9983.4 14780.6 15539.8
30400 10429.6 11776 11037.6 13746.2 15692
30500 10404.6 10075.8 11513 15921.4 16748.8
30600 12599 9754.6 11397.8 15302 17681.6
30700 12057.8 10784.2 10296.4 15421.6 14238.2
30800 12041 9588.6 10836.2 15372.8 15250.2
30900 11759.2 10476.2 12144 15114.8 15542.8
31000 10453.2 11352 10608 13845.8 15631.8
31100 11414.2 9361.8 11392.6 13950.4 16471.8
31200 11278.8 10830.2 12104.8 13550.6 15571
31300 11524.8 10204.2 10691 13478.8 16745
31400 11110.4 11734.4 12155.8 13220.6 17369
31500 11011.2 10490.4 11206.6 12813.6 17243.4
31600 12107.8 9644 12524 12373.2 16384.2
31700 11482 10405 10527 10857 17286.8
31800 10419.4 11413.8 11299 11638.4 15560.2
31900 12184.8 10628.2 12013.4 13038.6 16161.8
32000 13870 11711.8 13084.2 11907.8 16828.6
32100 11947.8 10647.2 11876.4 11925.8 17258.2
32200 11835 11258 12046.6 19787.6 16913.8
32300 11733 11406.4 12855.8 12562 18716.4
32400 12118.8 11213.2 12624.4 12224.4 19387.6
32500 11811.4 10083.4 12944.8 10995.4 17354.2
32600 11962.8 12915.8 13705.8 13799.6 20464.8
32700 10683.8 10530 13862.2 13216.8 18337
32800 13011.4 10903.2 11418.8 12433.8 20583.4
32900 12330.8 10548.2 11222.6 14897.8 18277
33000 12598.8 11977.6 13173.2 11754.4 24866.2
33100 13096.8 13169.2 19826.4 22322.6 18011.2
33200 12146.6 10291.4 13787.8 12927.4 18621.6
33300 11384.4 17884.6 13788.2 16122 21172.8
33400 14462.2 10964.6 15505.2 12154.6 18916
33500 30711.6 12352.4 13232.8 13036.6 20250.4
33600 11608.4 11890 13015.4 12993.2 20864.8
33700 14667.2 14781.2 11844.8 14111.6 18607
33800 25416.6 15772 19446.6 12307.8 25361.2
33900 14032.4 11369.8 13940.4 18502.8 21742.4
34000 13091.2 12218.8 16792.8 12770 24111.8
34100 14894 10551.2 21809.8 18762.2 26085.2
34200 18058.2 14374.2 13420.2 11852 18041.8
34300 12522 10217.2 11697.2 13145 17666.8
34400 12061.8 12688.8 11759 11428 17475.4
34500 10988.6 10328.2 14963.4 12141.2 18990.4
34600 15467.4 10210.2 13051.2 12331 17706.8
34700 12617.2 10382.8 11786.2 14263 19184.6
34800 12662 11247.8 12482 13789 19056.8
34900 13330.6 10079 13124.6 12544.6 19197.2
35000 12050 11561.4 12878 13444.2 19078.2
35100 11691.2 11678 12404 13762 19941.8
35200 13581.2 16148.6 15530.2 13121 20079
35300 12398.6 10158 13443.6 14145.8 17458.2
35400 12164.6 13320.4 12593.2 13402.2 18567
35500 12496.4 11005 12394 12342.6 19863
35600 13511.4 10202.4 13205.4 12855.6 20091.4
35700 10800.4 11376.2 11831 13199.2 17972
35800 11454.8 12754.6 14931.2 13793.4 19765.6
35900 14423 10515.4 14008.4 13970.6 18173.6
36000 12312 10483.6 14565 12189.4 18408.4
36100 11468.6 10873 12590.4 12984.8 17553.4
36200 11818.4 11116 12810.2 13521.2 18260.6
36300 13043 10402.8 12655 13222.4 20182.2
36400 12149.4 12165.2 13341 12264 18328
36500 11433.4 10726.2 12602.2 12524 18560.6
36600 11834.4 10653.4 11921.8 14556.8 19240.8
36700 12058.8 10989.8 12477.6 12926.4 18361.2
36800 11988.2 10812.6 12313 12889.6 18099.2
36900 11458 10830.4 12753.6 14629.6 18498.8
37000 12093 11421.8 14208.2 12045.4 18259.6
37100 12573.8 11951.6 12665.8 12848 19200.2
37200 11457.2 10799.4 12630.6 13631 19096.2
37300 11480.6 12399.8 12406 13576.2 19522.6
37400 11185 11132.2 13481.2 12589.6 20247.6
37500 11234.4 11862.4 15208.6 13377 20205.4
37600 12290.8 12288.8 13326.4 13271.2 18512.2
37700 11691.8 10971.6 13230 12928.6 18914
37800 11961.6 11094.4 12500.6 13191.2 18935.4
37900 12661 13114.4 13051.8 13623.4 21924
38000 11561.6 11867.2 14186.2 13951.4 19919.2
38100 13282.8 11679 14158 15454.2 22213.6
38200 12359.6 12780 18711.8 13347.4 19113
38300 11600.8 11673 13481 13162.2 19365.2
38400 11689.4 11286.6 13130.4 13964.4 20831.2
38500 13069.2 11454.6 14592.4 13249.4 21448.2
38600 12180.4 11119.4 13263.2 12968 19696.6
38700 12452.8 11263 13604 13329.2 21173.6
38800 13392.6 12070.4 13860.6 14775.4 19986.6
38900 14071.2 11151 13582 13771.2 20475
39000 13470.2 11192.6 14597.2 13600 20274.8
39100 12668.6 11657.2 15388.2 14362.6 21606.6
39200 13893.8 11375.8 13034 14004.6 20731.4
39300 12470.4 11576.4 13748.2 14701 20415.4
39400 12075.8 11355 13505.6 14052.8 20244
39500 11849 11702 15079.6 14061.4 21099.8
39600 12438.2 11183.8 13522.2 13736 20588.4
39700 12249 11491.4 13622 15132.6 20735.6
39800 12050 11490.2 13789.6 13969.4 20217.6
39900 12110.8 11598.2 13944.4 13973 23222.2
40000 11768.8 11973.6 13933.6 13574.6 21702.8
40100 12201 11520.4 14105.2 14180.4 22484.6
40200 13260 11828.4 14175.2 15409.6 21218.8
40300 12627.6 11710.6 14164.4 14143 21646
40400 12897.2 11222.2 14309.8 14486.8 21758
40500 11946.4 12331.6 15477.8 14197 22529.8
40600 12377.6 12712.4 14584.8 14004.8 21522.4
40700 12320.6 11395.6 14051 14217 22330.2
40800 12038.6 11326.6 14837.6 14207.2 21265.2
40900 12865.2 12650.8 15705.8 14543 21486.2
41000 12375.2 11831.6 15959 18226.8 21314
41100 12061.6 12369.8 15854 15021.2 21105
41200 14104.2 13593 16180.6 16945.4 24574.2
41300 16119.8 14952.8 15882.4 17503 28548.4
41400 14789 16465.6 20361 16840.4 29454.8
41500 27806.2 18104.2 26434.2 15144 24389.4
41600 14803.6 15131.8 24911.4 15055.8 23403.6
41700 14321.8 13846.4 13975.8 14985.8 23891.2
41800 13240.4 12416.4 14277.4 16675.2 25180
41900 14335.8 13948.4 13980.8 15443.4 24358.4
42000 13708.6 13498.2 16548.8 18727.4 24741.6
42100 13989.8 13270 16734.8 19352.4 31157.8
42200 13202.6 12867.4 14130.2 15832.8 24744.6
42300 13494.4 12305.6 16202.4 15262.4 25534.6
42400 13377.6 12675.8 14799 15404.4 23700.4
42500 13146 12951.6 13507 17404.8 23373.6
42600 14643.4 13366.8 13506.8 17990.2 24016.6
42700 13264.4 13259.8 13230.2 16334.6 24404.8
42800 14290.6 12884.4 12855.4 16406 24450.8
42900 15135.8 13683.2 12889.8 14984.2 23634
43000 13804.2 13616.4 14588.2 15502.6 24935.4
43100 14044.8 13233.8 12303.2 14811.4 23338.8
43200 15148.6 12569.2 12525.2 15337 24181.8
43300 14609.8 12987.4 13003.2 15785.2 25089.8
43400 14285.6 13911 12369.2 17395 25241.4
43500 14028.8 13578.8 13090.6 17139.4 24687.8
43600 14670.4 13098.4 13488.6 16063.6 26784.2
43700 14740.2 12802 13570.8 16076 24645.6
43800 15603.4 14088.8 12671.4 15604 25209
43900 14556 14559 14438.8 16598.2 24087
44000 14342.8 13610 12728.4 16006.6 26694.8
44100 17980 13552.8 14061.6 18229 26543.4
44200 14815.8 16467.2 15361.4 17866.4 29381.2
44300 14151.8 15022.2 12809.6 16336 25419.2
44400 14196 13417.6 13318.2 16540.6 26170.6
44500 15589.6 13580.4 13311 17038 25304.8
44600 14989 13551.4 14857.4 17159.2 24907
44700 15354.2 13283.4 13201.2 16389.2 27660.2
44800 14604.2 13694.2 13552.4 20174.4 27624.4
44900 14333.8 14912.8 13423.4 16952.6 25405.8
45000 15477.6 12897.2 13105 17194.2 25931.4
45100 16423 14075.6 14681.4 17261 25053.8
45200 14682 13212.6 13975.4 17133.8 25646.8
45300 15173.2 13313.2 13092 16154.2 28931.6
45400 15180.4 14458 13817.2 17652.2 25677.4
45500 15636.8 13495 12928.8 16599.2 26221.8
45600 15172.4 13385.6 12983.2 18003 27483
45700 15141 15312.4 13521.2 17218.2 27884.8
45800 15609 15500 13597.2 17541.8 26848
45900 16323.4 16825 14852 17162.8 28696
46000 16045.6 14222.8 15390 18316 26191
46100 15462.8 14055.8 13683.2 16673 26941.2
46200 15546.6 13504.2 13629.2 17441.4 28984.6
46300 16571.6 14652.6 13929.2 17553 26838.6
46400 16512.8 13759.2 14657.2 16601.6 26211
46500 16056.8 14835.4 14598.8 17393.8 33113.4
46600 16236.6 14761.2 13288.6 17343.4 29274.2
46700 17320.2 13779.6 14192.6 18133.4 27882.6
46800 15971.2 15126 14862.8 18472.8 28557.4
46900 15727 14598.6 13328.2 17071.8 28012.6
47000 15466.2 13755.6 13970.4 17714.4 27127.8
47100 17253.6 14230.8 14108.4 18009 28516.6
47200 17119.6 13710.4 13786 18773.6 29150.6
47300 16306 15379.4 14142 18508.8 31208.8
47400 15903.8 14053.4 13941.8 17342.2 28131.4
47500 16488.6 14301.4 13824.8 17946.6 27389.6
47600 17057 15982.4 14505.4 18429 28241.4
47700 16717.6 14676.6 14723 17422.6 29051.6
47800 16444.6 14435.8 14449.8 18557.6 29292.6
47900 18420.4 14569 13958.6 18102.6 30340.4
48000 16305 15237.4 14770.8 19411.4 28496.6
48100 15981.6 15364.4 15458.6 18269.8 28484.6
48200 16039.4 14817.8 14004.6 19119.6 30395
48300 17931 14585.6 14019 17993.4 29380.4
48400 16503.4 15802.6 14236.2 18873.8 29809.4
48500 16813.2 14096.6 13719.8 19911.8 29939.6
48600 16880.4 14488.6 14632.8 18013.6 29648.4
48700 16603.8 14152.2 13869.8 20145 29778.8
48800 17286.4 14139.2 14357.8 18232 31269.8
48900 17811.6 14446.6 15133.2 19366.4 30313.6
49000 17572.2 14478.2 14705 17995.4 29315
49100 18184.4 15734 14626.4 18353.6 29058.8
49200 17726.2 15037.6 15441.4 22012.6 29522.4
49300 17465.2 15085.4 14675 19150.8 32482.4
49400 17042.4 14460.8 14529.6 18720.8 29542
49500 17466.8 14400 14466.2 21739 29276
49600 16986 14607.8 15838.4 18859.6 29936.6
49700 17468.2 14302.2 15071.2 20066.8 31838.2
49800 17813.8 14160.6 14317.2 20655 32181.8
49900 16475.4 15276.4 14723.6 19498.6 31754.2
50000 16798.2 14454.4 15315 21373.4 30826.8
50100 17123.6 14623.4 15674.8 19195.4 31722.8
50200 17277 14643.8 14965.4 19788.8 30078.2
50300 17417 14668.4 15262.4 19902.2 32147.4
50400 19746.4 16073 14696.4 29508.4 32019.8
50500 19022.6 16426.2 16040.6 19584 30619.8
50600 17940.6 14367.2 15576.2 21559.2 33576.8
50700 18796.8 15166.2 14821.2 19178.8 31770.8
50800 17247.2 15492.6 14804.4 19401 30698.6
50900 18018.6 15081.4 16091.6 19408.2 32901.6
51000 17942 15277.6 15660 19853.8 31805
51100 17866.2 14698 15438.6 19712.2 32362.6
51200 19155.6 14648.8 15070.4 18990.8 32885.8
51300 18856 15340.8 15696 19228 32839
51400 18726.4 15339.4 14952.4 21312.8 30711
51500 17564.4 14664 15038.8 19875.4 29121.4
51600 17092.2 15766 15132 20679.6 27457
51700 18736.6 15520.2 15212 20252.6 27177.6
51800 18194.8 16109.4 14988 20774.6 26263
51900 21442 15400.4 14733.8 20107.4 23984.2
52000 17927.4 15409.2 17709.2 21775.4 22971.6
52100 19473 15230.8 15409 20742 21483.4
52200 18464.2 14835.2 15644.8 21172.2 20283.4
52300 19084 14731.6 15679.6 20169.6 20014.2
52400 18552.6 18384.2 16557 20140 20407
52500 17777.2 16040.4 15230 20308.6 22637.8
52600 18519.8 14879.4 16193.8 20487.2 22007
52700 19240.2 16561.6 17182.2 20803.2 20693.2
52800 18032.6 16494.8 15420.8 20217.4 20722.8
52900 18973 15824.6 15571.8 20473.6 21063.4
53000 18306.6 15677.2 15909.8 20424.8 21695.6
53100 18219 15344.8 16051.2 21175 22517.6
53200 18406.2 15632.2 15516.2 20608.2 22168.2
53300 17860.6 15737.4 14896.4 21227.2 20678
53400 18310.8 15254.8 16188.6 21538.2 21490
53500 18525.2 15367.6 15577.2 21210.6 22511.6
53600 18976.8 17688.2 15725.4 20634.8 21176
53700 20129.8 15735 16013.8 20696 22440.8
53800 18786.2 16471.4 16664 21357 20459.6
53900 18310.8 16154 16803.6 21076.8 22569.4
54000 18818.8 16335.8 15832.6 20556.8 24086.6
54100 19534.2 15551.2 16360.6 21456.4 20820.8
54200 18508.6 15715.6 15842.8 23181.8 20882
54300 20225 15432.6 15961.4 21149 22202.2
54400 20339.4 15910.4 16738.2 21172.8 22090
54500 18727.2 16175 15931.2 23175.6 21798
54600 19354.4 15574.2 17007.4 21528.8 23890
54700 19563.2 15662.6 16991 21610 23056.8
54800 20550.6 15740.8 16234 21221.4 21584.6
54900 19748.6 15950.2 17098.8 22732.4 21749.4
55000 18394.8 17295.8 16993.8 21356.6 23483.4
55100 21040.8 17823.6 16556.8 22247.2 23271
55200 22341.2 16426 16164.2 21572.6 21735.4
55300 19288.4 16645.2 17365.6 23378.2 23003
55400 19779 16511.2 16453.2 22662.8 21409.6
55500 18840.4 15614.6 16423.4 22590.8 21864.4
55600 19184.8 16260.6 18071.8 25414.2 23233.2
55700 19625.6 17121.6 16393 24011.2 22749.2
55800 20628 15843 16531.2 21813.4 24845.6
55900 20625.8 17901 16868 22476.8 21925
56000 19321 16814.8 17140.4 22281.8 22364.2
56100 19226.6 16024.8 16135.4 23272.6 24623.4
56200 18959.4 15968 16651 24203.4 22918
56300 19379.6 17941.6 16540.6 23513.2 22688.8
56400 19019.8 16610.4 17011.2 22928.2 22343.4
56500 20451.2 16324.4 19408.8 25709.8 22682
56600 20410.6 16773.4 16996 22375.6 23462.6
56700 19075.2 16924.2 16720.2 23294 24235.8
56800 19696.8 16323.6 17427.2 22632 25146.2
56900 22220.8 21689.8 18545.4 24854.4 24665.4
57000 20092.4 16890.6 19553 24366.4 25022.8
57100 18466.4 16442.2 17048 25152.8 22977.2
57200 19029.6 17664.6 17622 24667.2 23998.8
57300 19486.4 18040.8 17351.4 25068.2 23207.6
57400 20549.6 17282.2 17517.2 23445.8 25732
57500 20973.4 17669.4 17647.8 24803.4 24869.2
57600 19356.6 17496.6 17189.2 23334.8 24204.2
57700 19688 16263.4 16846.4 24897.4 25257.8
57800 19632.6 17038.8 17658.2 23860.2 25363.2
57900 22586.8 17737.6 18529.6 34735.4 33664.2
58000 24459.4 20641 22762.8 30801.8 27987
58100 27027 30035.8 18610.4 25421.6 25647.4
58200 20261.8 17440.8 18191.4 24293.8 25389.4
58300 20149 17584.4 19763.6 24769 25806.6
58400 21415.6 17510.8 18949 23631.2 26464.2
58500 21833.6 17012.8 18984.6 26983 23807
58600 20290.6 17933.2 20277.2 24571.8 24295.8
58700 23126.2 18239.2 19293.4 26182.2 26715.2
58800 21266.8 19225.8 18964 25446.8 25092.8
58900 21724.2 18847.8 18035.2 25319.8 30349.4
59000 20737.6 19679 18173.2 25657.6 28756.2
59100 21527 18075.6 17799.6 28186.4 24220.8
59200 22237.6 18572.2 18283.2 25640 24551.4
59300 21353.8 18162.8 18706.6 24901.4 25117.4
59400 22324.2 17613.4 18662.8 26643.8 25581.8
59500 22100.6 17035.2 18494 25678 25400.8
59600 20955.6 18362 19902.8 27219.6 29338
59700 22234.2 18206.4 18658 28364.4 25658.8
59800 22535.2 18212.2 21209 30563.2 27665.4
59900 19903.8 18723.2 19488.4 25691.4 24998.8
60000 20365.6 19061 19773.8 27020.2 30987.6
60100 26761.6 20995 21895.6 34549.4 35952.6
60200 22883.8 19373 25393.8 30105 32774.4
60300 30473.6 19391.2 26458.4 34027.8 31544
60400 21934.2 27007.6 25099.6 26766.2 40316.4
60500 26838.4 19741 20684 30220.2 28884.8
60600 32386 37591.4 20853 30642.2 26360.2
60700 23636 24259 20050.6 36373.8 33689.2
60800 22743.6 21286.8 28736.6 25924.6 29361
60900 25997.8 19105.2 19533 36898.2 25545.2
61000 26985.6 22886 24134.6 30499.4 30143
61100 26199.4 24502.4 24904.6 33502 35484.8
61200 21045 18568.2 19028.2 27241 26826.2
61300 21259 18921 18985.6 26512.8 25999.8
61400 20977.2 18600 19380 27285.4 27588.2
61500 22054.2 18550.2 20246.8 26622.6 28117.8
61600 22232 17416.8 19756 25774.4 25623.2
61700 20980 17873.6 20512.6 24409 26712.4
61800 21130.6 18521.2 20461.4 26048.8 28068.2
61900 20663.4 18901.6 18666.2 24442.2 26997
62000 24063.6 23897.6 21253 32233.2 29930.8
62100 22680.6 20453.2 18383 23632 26597.4
62200 21891.2 19133.4 20426 24509.2 27311.4
62300 21179.2 19755.8 19163 25823.4 26508.2
62400 21159.2 19095.4 21221 24071.2 34359
62500 22571.6 21290.2 19739.8 24416.2 26648.8
62600 24582.6 21737.8 21545 24363.6 30000.4
62700 29801 22901.2 26825.6 24652 29052.2
62800 21516.2 24177.8 21720 24125.6 28206.4
62900 20847.6 22406.2 27687.6 22282.8 31136.4
63000 33951 20919.4 21163.2 21017 32685.6
63100 25270.6 21399.4 21008.4 25271.2 27986.4
63200 25571.4 20878.2 21555.8 21376.8 27086.6
63300 22974 18116 19915.2 20029 30677.8
63400 21051.8 19564.8 20279 20131.6 29074
63500 22473 18859.8 19143.8 20807 27262
63600 22171 20281.2 19433.6 19904.4 29239.4
63700 23963.2 18778.2 21298 19880.2 29272.2
63800 24222.2 20181.6 20959.6 20350.2 31468
63900 23017.4 20318.4 23633.4 22454.2 29024.6
64000 22098 19310 22196 20858.8 30784
64100 24556.6 19693.4 33259 24800.6 31844.2
64200 24838.4 19843.4 21681.4 21366.8 30844
64300 21768 19529 20476.2 20634 29759.8
64400 21650.2 18944.6 19759.8 19386.6 27874.4
64500 20722.4 20284.6 19826.2 19951.6 28320.6
64600 22872.8 19682 21757 20786.4 29520.2
64700 23754.4 18446.6 20618.4 20754.4 28544.8
64800 21720.8 19166 21203.6 21063 29595.8
64900 21825.4 18448.2 20579.4 20226 27795.2
65000 22156 18699 21498.8 20878.6 29670.4
65100 21339.6 19822 20174.6 20144.8 28903.2
65200 21821.2 18708.8 20660.4 20043.4 27908.2
65300 22237.8 20332.8 22887 20324.2 28686.4
65400 21389.4 18155.2 20120.4 20504.2 28108.6
65500 20921.2 18680.8 19697.6 21083 28813.2
65600 22417.4 18872.4 19916 21794.2 29948
65700 21244.6 17983.2 19700.4 21648 29881
65800 21110.4 19746 20725.6 20820.8 30616.8
65900 22581.4 18886.8 20421 19437 28009.2
66000 23427.8 21482.2 25187.6 21806.2 32781.6
66100 22209.6 20084.4 28027.8 22104.8 32266.6
66200 21852.6 19639.2 20402.6 21001.6 30086.8
66300 21916.8 18590.2 21250.4 21398.6 29690.8
66400 22803.4 19532.6 20783.2 21935.2 30526.6
66500 22920.4 20768 20514.4 21335.2 29804.6
66600 22250.6 20559.6 20609.4 21271 29459.8
66700 22361.4 19092.4 21150.2 21765.6 29241.8
66800 22547.6 18795.4 21009.6 21590.2 30775.2
66900 23537.8 20299.4 21507.2 20144.6 28869.6
67000 21458.8 18923.6 23123 22900.8 29797.6
67100 22268.2 21050.2 21896.6 22235.6 30414.6
67200 24404.2 21942.6 20074.2 21499 30489.2
67300 25476 20408.2 22615.4 21377.2 35170.4
67400 34197.2 24348.6 33075.6 27017.6 49946.4
67500 26047.6 31402.6 24176.6 34505.2 34633.6
67600 24988 25184 24520.2 25982.4 36199.4
67700 28100.6 25028.6 23170.6 24780.4 35546
67800 25395 22526.8 24413.2 24507.2 35329.4
67900 27345.8 22804.2 31387.4 28569.4 34161.8
68000 27289.6 22233.8 24267.8 24053.6 35128.8
68100 22279.6 20985 25158.8 22304.2 34097.8
68200 23728.2 23647.4 26815.4 23229.8 33565.2
68300 24335.6 20463.2 23171.6 23950.6 32925.8
68400 26732 20861 23534.8 21520.2 35510.8
68500 23589.8 20969.4 22111.6 23833.8 34726.6
68600 26122.6 22352 23330 24575 37169.8
68700 25163.2 19908.6 22509.8 22817.6 35155
68800 26176.8 20756.8 22815.2 24666.6 33581.6
68900 24346.6 20336.2 23715.8 24017.4 32872.2
69000 24235.8 22880.8 22844.8 25292.2 35397.4
69100 32167.6 24088.6 27311.4 42223.4 36724
69200 26762.4 23567.6 22562.2 23529.4 34413.8
69300 23765.6 21096 24084.6 23685.2 49487.2
69400 22903.2 21486 23430.6 22534.2 33450
69500 26862 23663.2 23030.8 22774.2 32401.4
69600 26139 21234 24884 24258.6 34972.6
69700 26427.2 21424.6 22113.2 23780 34659.4
69800 23037.4 22307 23378 23279.8 35887.2
69900 23662.2 20761.2 26663.6 25091.6 32624.4
70000 23770.8 20633.6 24312 22873.8 34146
70100 24579.8 21345.8 25484.8 25233.4 34391.6
70200 24874.8 20400.6 21821.4 23557.6 32063.8
70300 26542 21448.4 22125.6 23339.2 35134.6
70400 23410.2 20504.8 22057 22252.2 35093.8
70500 23618.4 20144.4 23525.2 22484.6 33445.6
70600 23715.8 20490.2 21871.8 21546.2 32790.2
70700 22186.4 20857.4 24112.4 24827.2 32874.8
70800 23638.6 19890.8 22179.8 22718.2 31895.8
70900 23863.8 20219.8 22051.6 23739 31817.2
71000 25146.6 20184.8 29396.6 27509.2 37720.2
71100 26317.6 26296.6 25059.4 24395.2 35996.4
71200 24325.6 20606 32200.4 24341.4 35483.4
71300 32911.4 27003.6 27406.4 31717 41680.6
71400 31910.4 51769.8 28933.2 28135.2 37654.8
71500 24329.2 21277 24005.8 22979.2 32999.2
71600 23193.6 21404.8 22518.6 23256.4 34094.8
71700 23522.6 21332.2 24394.2 23183 33837.2
71800 23261.4 21956.6 24579.6 23937 35850.4
71900 25464.8 25901.6 24532.2 25915.4 36271
72000 23644.2 20952.2 23919 22532 33604.4
72100 23439.2 21070 22986.4 22294 33072.4
72200 23600 24643.8 23808.8 22565.8 36013
72300 27603.4 21589.8 22278.4 22253.6 34064.2
72400 24474.8 21854.6 22719.2 23071.4 33544.4
72500 23845.6 21756.4 23244.8 23546.2 36132
72600 25857.6 21058.2 24189.2 23494 35031.2
72700 24702.4 21473 23018.4 23694.8 34135
72800 23204.6 22666.4 24919.6 24119.6 34200
72900 23585.6 21486.8 23131.4 22837.2 37903.6
73000 22910.6 20887.2 24377.2 23361.8 33402.2
73100 23547.6 21754.2 23317.4 23530 33058.4
73200 23136.2 21965.8 23041.2 23520.8 36894
73300 24271.6 22060.6 22711 24303.8 36230.4
73400 24169.6 23173.6 28014 24789.4 35271.4
73500 23820.8 20799.4 23267 24106.2 35194.8
73600 26580.6 23391.8 27148.4 24724.6 35615.8
73700 31118 23761.6 27507 26959.8 49053.6
73800 24274.8 22010 28380.2 24580 37026.2
73900 25546 23439.2 24924.4 26227 37350.6
74000 30771 26356.2 25738.2 28678 37539.8
74100 27459.4 24218.8 22772.6 26002.4 38374.8
74200 38592.8 22156.6 27185.6 28537.2 40679.2
74300 23342.2 29964.4 29628.6 23540.6 38363
74400 26603.8 21987.8 26714.8 23333.4 34217.6
74500 25223.8 21249.2 23568.4 26882 36838.2
74600 27638.8 23438.6 23862.2 24752.8 35115.2
74700 24500 22348.2 23438.4 25939.8 34896.8
74800 23716.4 23889.2 23056.8 23701.2 36561.2
74900 26744.2 23644.8 26956.6 24942.6 34918.6
75000 25323.2 23521.6 23686.6 25344 36825
75100 25157 21305.2 25843.2 24821.2 37454.8
75200 25707 23019.2 24278.8 23451.2 35874.6
75300 25890 21431 23933.2 26507.6 36015.8
75400 23806.8 22569.8 23955 24646.8 36903.2
75500 24065 21123.2 24726.6 24227.2 39186.4
75600 24957.6 21892.6 24833.4 23790 36675.6
75700 27485 21884.6 24452 24453.4 36564.8
75800 23915.2 22999 24595 24454 35920.4
75900 24922.2 21999.8 24579.8 24135.2 38136
76000 26423.4 20625.6 23525.6 24230.6 40392.2
76100 24393.8 22704.8 26169.2 26083 38414.2
76200 24911.2 22540.8 23876 24098.4 38116.8
76300 25113 21899 25532 25329 35895.6
76400 24153.8 22371.6 25076.2 24493.6 38196.8
76500 25189 21881 24722.2 25197.2 36812
76600 24561.8 21581.8 24163.8 24830.4 36049.4
76700 25794.2 23462.4 25038.4 26222 37722.6
76800 25841.8 21343.2 26161.4 24367.6 38057.4
76900 25383.8 25603.6 24955.4 24338 41188.6
77000 30225.6 24026 26363 28753.8 40919.8
77100 24200.2 22038.6 24163.2 24466.8 36567
77200 26065 22238 26389.2 25360 36910
77300 25427.2 24984.4 25499.2 25079.2 36334.4
77400 25878.4 22975.2 25354.6 26564.8 40522.2
77500 25636.6 26587.2 25008.8 26485.6 39793.6
77600 24342.2 25649 24981.8 25365.4 38694.6
77700 25771.2 23732 24563.4 28715.8 64634.6
77800 27498.4 23387.4 24843 25760 40054
77900 25610 22808.8 25494.4 27132.8 36783.8
78000 25223.6 25189.6 28303.4 25289.8 40133.4
78100 25998 22796.6 26700.4 24838.8 37725.2
78200 24654 22764.2 25685.8 24743.2 39151.6
78300 24221 23157.6 25383 25892 38145.4
78400 26632.4 22465.8 25803 24553.6 38514.4
78500 24313.2 22259.6 25245 26508.2 38907.6
78600 27843.8 25921.4 27305 25679.8 42054.2
78700 24857.6 22477.6 27827.4 25691 43767.4
78800 27900.4 29319.6 26751.2 27803.6 38470.6
78900 27646.8 23438.6 27283 30886 44674.6
79000 37802.6 23748.4 28619.4 29293 39316
79100 26677 24690.8 27813.6 31431.2 43631.4
79200 28627 25475.2 30187.6 28392.6 42314.6
79300 25163 23360.2 27633.8 27485.8 43213.8
79400 27259.6 23322.2 27741.8 29176.4 42684.4
79500 32372.6 22672.8 27211.8 27422.4 43423.8
79600 30744.6 29136.6 28775.6 31852.2 57776.4
79700 31145 23018.4 28258.4 26960.2 38251.6
79800 26889.6 23561 25973 26248.2 39734.4
79900 27384 22509.2 27757.6 27041 42160
80000 25223.2 24535.8 26180 26695.6 39553.8
80100 25380.6 24512.6 28981.8 28290 55186.4
80200 25517.4 24221.2 26221.2 25819.6 39455.2
80300 28471.8 22400 27655 25578.2 39351.4
80400 28256.2 22635.6 25739.6 25328.8 39401.8
80500 25749 25186.6 29532.4 26982 40360.2
80600 26693.2 23071.6 25969.8 27041 41102
80700 26534.2 22979 25843.6 26882.8 39688
80800 25501.4 22463.4 27473.4 27205 43430.8
80900 25565 23640.6 30169 26618.2 46557.6
81000 26644.8 24569.2 25789 26695.6 39200.6
81100 26654.4 23034.2 26366.8 27254.2 40154.8
81200 26987 22564 26165.4 28226.8 42297
81300 25418.6 23110.2 25733 28393.6 38663.4
81400 26472 22563.2 25384 27209.6 39252
81500 26845.6 23943.8 29139.4 27633.4 43363
81600 38750 31794.2 28678.6 34091.6 59826.8
81700 26525.4 22762.4 29527 37121.4 54422
81800 31732.8 27303.6 43375.4 32942.8 47318.2
81900 30681.4 25831.4 35561.6 33273.2 55273.4
82000 29094.6 39159.6 29033.8 33757.2 49235.6
82100 31075 30226.4 36739.6 33130.4 54119.6
82200 29636.4 25768.6 30192.6 32397 45734.6
82300 42241.6 25691.6 27649.6 32667.6 45221.6
82400 34727.4 31872.6 32537 33455.6 54266.2
82500 34430.4 29163.8 33636.8 32480.4 44493.8
82600 28659 29722.8 28354 30433.6 44666
82700 28650.4 26098.6 27959.8 28575 46044.8
82800 29612.8 28590 29010.6 31702.8 44391
82900 30247.2 28704.6 27795.4 28585.8 45917.6
83000 28077.8 27312.8 28052.8 30212.4 42876
83100 27054.8 25842.4 26495.8 30255.4 45941.6
83200 27491.2 24264 28638.2 29989.4 46942.2
83300 26795.6 25651.8 25563.2 28180.8 43574.6
83400 28889.6 24703 27648 28758.8 44181.4
83500 30283.4 25462.6 29891.8 29811.6 41917.4
83600 27736.8 26351.4 27164.8 28336.4 41970.8
83700 27642 26530.4 25386.8 27602.4 42497.4
83800 26267 25772.4 26417.6 29589.2 42535.2
83900 28682.2 24824.6 26789.2 27890.6 43166.8
84000 28066 24826 26836.6 27731.6 43503
84100 28005.2 24291.6 25352 28992.4 46700
84200 26892 24962 26023 28616.4 42573
84300 29811.2 25978.4 27382 28255 43230.4
84400 29763.2 25299.6 26057.4 27793 46062.2
84500 32919.4 25672.8 27268.4 29478.6 43764.8
84600 29800.2 26044.4 26233.2 27183.4 44013.2
84700 32869 26341.2 25780.4 31090 44848.6
84800 29137.4 27133.4 27674.2 26985.8 46251.6
84900 29416.6 26596.6 24825.6 29817.2 47192
85000 27963.8 25840.8 26126.8 29917.6 48466.6
85100 28794.6 29038 26029.8 31072.6 43209.2
85200 27741.6 25620.8 25356.2 30142 43252.6
85300 33292.4 25504 28270.2 32711.8 47381.6
85400 27633 25549.8 26591.4 31448.4 45892.6
85500 30346.6 25405 27675 28515.2 43862
85600 29741.6 25047.2 27225.8 28982.4 44032.6
85700 29239.6 25463 24094.8 28472.2 43668.8
85800 28646.2 27066 25407 28448.8 43611.2
85900 27952 24586.8 25306.8 29404.8 42270
86000 28069.8 26314.6 24220 29392.6 42237.4
86100 27676.4 26276.4 24119.4 28216 42223.2
86200 29059.6 26680 26207.2 27624.8 44596.8
86300 29942.8 25783.2 24184.2 28633.4 44903.2
86400 31643 27886 24843.6 28901 44354.4
86500 28756.8 25165.6 23866.2 29696.8 44284.6
86600 29094.8 25913.2 24116 28836.2 44275.6
86700 29602.6 27371.6 24665.4 28319.8 44141.4
86800 29777.4 25582 25019.8 28032.8 48498.2
86900 29332.2 26754 25089.2 29197.8 46910.6
87000 30162.2 25914 24455.6 29217 44197.6
87100 29186 26474.8 25873.2 29673.6 43531
87200 28043.4 25788.8 24461.2 30005.6 45447.4
87300 28884.4 26731.6 26319.8 28488.8 43763.2
87400 29221 27356 24661.6 28051.6 44021.8
87500 30027.2 26729 25097 29621.6 44740.4
87600 30936 28486.6 26479.2 31742.2 45633.2
87700 30345.6 29519.6 26063.8 33476 46294.6
87800 33332.4 26652.6 27402.6 30281 45209.6
87900 32367 27381.4 25749.2 32124.6 49166.4
88000 37169.8 33083 25685.6 32846.6 48007.8
88100 31951 30680.4 26487.8 32561 56913.4
88200 37881.6 35090.8 34078.8 48128.2 113241
88300 31661.8 28920.4 25880.2 31184 46834.4
88400 30688.2 27239.4 26007.8 30491.4 45111.8
88500 39982 36269.4 28407.4 33670 61994.6
88600 34521.2 32541.2 32179.2 44721 57186.8
88700 32489.6 35380.6 32904.2 38186 53583
88800 33414.8 30850.8 29254 33782.8 53639.6
88900 31980.4 30822.4 28662.8 34004.2 51385
89000 34449.2 31753.2 27881.2 33945.2 52299
89100 34762.6 30194.2 30830.2 34855.8 56914.8
89200 39353.2 33135 28214.2 36606.2 54930.8
89300 34007.2 33530.6 28886.2 41945.4 59930
89400 34796.8 32810.6 30834.2 34329.8 54818
89500 33839 30690.8 29105.6 35335.8 53231.8
89600 36785.8 32059 29585.8 34844.4 55308.2
89700 35631.8 32618.6 31553 35435 54473.6
89800 41006 33006.8 31800.2 33949.4 56440.4
89900 35502.8 31730.8 28298.4 34169.4 52259
90000 34859.2 31764.6 28657.4 33826 53149
90100 35740.8 33645.2 29267 35334.6 51485.6
90200 34218.4 31909.4 31410.8 33761.8 53160.8
90300 34393 30290.2 27007.6 33956.2 53156.8
90400 33360.6 31054.8 29414.8 32490.4 51866.6
90500 34106.6 30359 29608.2 32210.4 54932.8
90600 37017.2 30599 28529.4 35993 52668.8
90700 34441 30364.4 28041 32948.6 54002.4
90800 34666.4 30642.4 29089.4 33456 52287.6
90900 33840.2 30630.4 29174 33247.8 52101.4
91000 34403.2 31827.8 27518 35037 50885.6
91100 35073.2 30643 28654 38177.6 61130.6
91200 35786 31183.4 29258 33147.4 56118.6
91300 33916.4 31497.4 27714.2 36368.4 51875.8
91400 36280.4 32918.8 29643.6 35521.2 53105
91500 35642.6 31378.2 28207 32436.4 53009.4
91600 34762.2 31121.8 27300.4 37384.4 52291.4
91700 33749.6 33079 28951.6 31713 55288.8
91800 35023 30851.8 27451.4 34839.8 53803.4
91900 34189 29978 27590.4 34146.4 56900.8
92000 35116.2 30363.2 27896.6 34855 55136.4
92100 35575.8 30720.8 28335.4 33969.6 52196.2
92200 35973.8 32493 28422.6 35343.8 51207
92300 34768.2 30832.6 28252.2 32383.8 57820.2
92400 35173.8 30230.8 28019.4 33663.2 54661
92500 36392.2 29470.8 29085.2 46756.2 60160.2
92600 36141.6 30632.6 28852.8 34124 57265.8
92700 36524.6 31597.4 31369.4 35511.2 54417.6
92800 35367.4 34123.6 29990.4 34461.8 54858.4
92900 34833 31007 28716.2 35607.4 57191.8
93000 36621 31137.4 28699.4 36147.2 57522.8
93100 37138.2 30436.4 29806.4 33955 53711.2
93200 34995.4 32343.4 30512.2 32789.6 57252.4
93300 39152 32352.8 28989.4 32894.8 55370.6
93400 35469.8 33706.8 28257 37209.8 54065.6
93500 36536 31023.6 28050.8 33597.2 57478.2
93600 35831.8 31885.8 31236.8 35714.8 53828.6
93700 38645 31023.6 29479.8 36084.4 53586.2
93800 41995.2 34031.2 29953 33336.2 59025.4
93900 37432.8 36654.8 28260.8 34233.8 58926.4
94000 36793.2 33580 29578.6 34718 56302.4
94100 40609 31270.8 28972.2 35457.4 58513
94200 36645 33240.4 30227.2 34505.8 57948
94300 36577.2 31868.4 29718.2 35029.2 55765
94400 37991.2 32824 31294.4 34992.4 57730.4
94500 36049.2 32112.6 31648.4 34569 58855.8
94600 35366.8 31055.2 28327.2 38557.2 65082.8
94700 40080.4 30293.4 28459.4 34212 56684.8
94800 35571.2 30477.8 29053.2 34217.2 55664.8
94900 35107.4 29639.2 28122.8 31544 53358.4
95000 37171 33060.6 31649 39956.4 52145.4
95100 36323.4 30307.8 31535.6 39171 52280.4
95200 35219.2 30356 27020.6 41568 56844.4
95300 33781.6 31904.4 27906.4 36585.8 55439.8
95400 33987.6 32347.2 27801.4 37273 59901
95500 36472 31787.2 30401.2 32869 54228.6
95600 34634.8 29893.4 30471.8 33964.2 54879.4
95700 34766.6 29372.8 27220.4 32008.2 55594
95800 33960.8 28875.4 27686.8 33538.2 54066.4
95900 35752 31631.2 30803.4 35469.8 61295.6
96000 38347 32417.6 34031.6 48879.8 65674.2
96100 47128 33450.2 33788.2 37493 61106.2
96200 39796.4 33721.2 31933.6 39513.4 61941.6
96300 42476.8 35070.2 32642.2 37838.8 60576.2
96400 40696.2 33395.2 31605.8 38060.4 58907.2
96500 38609.4 33569.8 31350.2 41449.2 67801.8
96600 38561 36755.6 33430 40341.2 60180.4
96700 39466.2 35718.8 30810.8 39110 60422.4
96800 41054.8 35908.4 33322.2 40410.8 60048.4
96900 41102.6 32241.4 33224.4 37957.6 65741.2
97000 41866.6 35643 32514.6 39376.6 61042.4
97100 40360.2 33601.4 33078.4 37690.2 63571.4
97200 43113.4 33116.2 33537.6 37715 61474.2
97300 43094.2 35676.6 33889.8 38327.8 60992.6
97400 42646.8 34359.4 31930.4 38481 63134.4
97500 41239 35204.8 33546.2 38559.4 64643
97600 40391.4 34730.2 33239 39555.6 63907
97700 41985.6 34006.4 31892 43177 66973.8
97800 39318.8 33439 29525.4 34970.6 58151.2
97900 39830.2 35277 31116.2 37507.4 62045.6
98000 46499 34578.2 35272 34034.8 56151.8
98100 45630.6 41966.4 36238.8 39800 72313.8
98200 43480.8 34078.8 29845.8 33986 57923.4
98300 55548.8 56706.8 36184.6 36437.8 68188.2
98400 37631.4 36838.6 31129 36391.6 58730.4
98500 39184.4 55099.6 44427.4 38174.2 68418.8
98600 41300.6 34565.4 34292 43515.2 70307.2
98700 39773.6 35252 35182 43781 72087.2
98800 42216.4 34523.6 30378.2 36880.4 61153.2
98900 46619.4 32470.2 29731.6 34207.2 56186
99000 42925.6 34613.2 33430 41422.8 63526.4
99100 39750.8 33577.6 33397 36861.4 65336.2
99200 36771.2 33740.2 30465.6 36492.6 64740.6
99300 40165.6 34119.4 30969 35696 63113
99400 43548.8 33172.8 34548.2 36680.2 63571.6
99500 40459 34607.6 32008.2 40050.8 61820.6
99600 42985.8 30914.8 28569.2 37410.8 60281
99700 37550.4 33345.4 32224.2 37605 61495.4
99800 44645 31638.8 28830 35567.4 60470.6
99900 39508 30790.8 33479.4 38188.2 65819.8
100000 40188.8 33647.4 28970.2 38664.6 63272.8
