500 142.2 114 88.8 82.8 71.8
600 150.4 115.6 93.4 93 75.2
700 199.4 127 103 168.6 87.8
800 234 174.6 152.8 100.4 83.6
900 268.6 195.2 156.4 110.4 112.2
1000 416 238.8 185.6 159.6 105.4
1100 281.4 224.2 198.4 138.6 111.8
1200 354.6 268.6 155.8 156 191.2
1300 328 258.4 190.2 194.6 169.6
1400 394.6 326.2 388 313.4 258.4
1500 426.2 336.6 330.8 218.2 196.4
1600 380.8 284 240 281.4 183.6
1700 609.4 302.8 244.2 209.6 222.2
1800 428.2 422 269 209 219.6
1900 497.2 373.6 297.4 260.6 252.8
2000 581.4 429.2 351.6 319 274.8
2100 468.4 379.6 326.2 361.8 246.8
2200 540.8 537.4 349.4 432.2 316.4
2300 652.8 497.2 356.2 415.4 354.2
2400 520.2 486.6 418.6 599.2 516.6
2500 677.2 422 356 445.6 345.8
2600 687.6 584.4 556.6 431.4 403
2700 842.6 736 563.2 430.2 421.2
2800 771.6 726.4 586 410.6 414
2900 820.4 690.4 594 442 329.6
3000 887.4 787 475 678 422.4
3100 996.2 944.4 721 567.2 462.4
3200 926.8 699.6 597.4 621.4 480.2
3300 1158.4 688.8 715.4 623.2 497
3400 967.8 915 742.6 498.2 492
3500 1088.4 940.2 671.2 548.8 558.4
3600 1022.8 971.8 569 566 796.8
3700 1186 709.8 627.6 544 544
3800 1025.4 990 586.4 641.4 618
3900 1300.2 718 638 622.8 580.8
4000 1309 730.4 707.8 749.4 516.4
4100 945 745.6 647.2 704.6 536.4
4200 976.4 836.8 721.4 714.8 616.6
4300 1242.8 794 727 876.2 646.2
4400 1095.6 898 845.6 780.6 664.2
4500 1173.6 944.4 777.8 857.6 585.6
4600 1134 1109.6 753 783 686.8
4700 1187.2 954.4 782.4 785.2 701.4
4800 1201.8 1085.2 817.4 1001.4 662.8
4900 1813.6 918.8 843 822.6 690
5000 1419 1165.2 932.8 1218.2 688.8
5100 1160.8 950.4 806.8 1499.2 697
5200 1368.2 1015.2 876.8 822.4 726.6
5300 1530.6 1044.2 943.2 808.4 785.2
5400 1304 1177.8 986 881.4 746.2
5500 1776 1220.6 1131.6 974.2 1275.2
5600 1511 1421.2 1010.4 916.8 822.4
5700 1638 1607.2 1069.6 896.4 849.6
5800 1891.6 1505.2 1070.8 887.4 863.2
5900 2001.2 1635 1132 963 830.4
6000 1629.4 1435.6 1345.8 1111.2 981.8
6100 1857 1686.6 1199 1180.8 1005
6200 2089.2 1489 1279.6 1022.6 1027.2
6300 2353.2 1464.4 1200.8 1063.2 899.4
6400 1832 1686 1338.6 1229.2 885.8
6500 2305.4 1455.6 1636 1016.8 1128.2
6600 2239 2015.2 1184.8 1517.8 1608
6700 2187.4 1524 1209.4 1167.6 1284
6800 2255.8 1662 1345.8 1190.8 1051
6900 1931.8 1478.6 1438.6 1064.2 1100.2
7000 2240.4 1551.2 1239 1139 1088.2
7100 2493.6 1597.2 1272.8 1108.2 1509.4
7200 2155.6 1675.6 1582.8 1182.6 1192
7300 2765.6 1542.6 1521 1133.6 1146.4
7400 2380.4 1683.2 2022 1846.8 1468.6
7500 2329.6 1691.8 1522.8 1193.8 1354.6
7600 2183.4 1740.6 1442.8 1231.2 1249.4
7700 2086.6 1624.6 1567.8 1244.8 1275.6
7800 2735.8 2034.6 1450.2 1414 1300
7900 2435.8 1769.4 1448.8 1379.8 1236.4
8000 2290.8 1664.6 1624.8 1698 1445.4
8100 2916.6 1771.6 1566.8 1558.4 1731.6
8200 3075.8 1742.8 2094.2 2097.6 1791.8
8300 2833.8 1776.6 1815.2 2448.2 1668.4
8400 2749.2 2277.8 1672.8 1680.4 1798.2
8500 3020.6 2070 1931.6 1652.4 1368.8
8600 3310.4 2601.2 1734.8 2295.6 1564
8700 2949 2116.8 1934 1891 1536.4
8800 2748.8 2241.8 1966.8 1756.8 1603.2
8900 3499.2 2541.2 2248.2 2420.6 1590.2
9000 3064 2183 1785 2556 1405.4
9100 3135.8 2230.8 2013.2 2027.4 1601.2
9200 3301.8 2825.4 2533.4 2242.8 2027.2
9300 3516.4 2415.6 2636.2 1844.4 2262
9400 3429.6 1944.6 1846.2 2334 1464.2
9500 2438.8 2522 1970.2 1869.6 1484.4
9600 2528.6 2205.4 1714.4 1696.6 1529.4
9700 2779.4 2269 2058.2 2010.8 1670.2
9800 2681.6 2305.8 2257.6 1727.2 2665.2
9900 2595.4 2608.2 1798.8 1717.8 1691
10000 2993.8 2360 1942.2 1898.2 2098.4
10100 2827.4 2262.4 1927.8 1812.4 1598.4
10200 3192.2 2358.8 1738.6 1839.8 1844.2
10300 3441.2 2586.6 2009.4 1860 1875
10400 2693.4 2396.6 1874 1950.4 1767.4
10500 3066.4 2328.8 2178.2 1958.4 1671.2
10600 2759.2 2322.6 2594.6 2294.6 1819.6
10700 3737.2 2732.4 3544.4 2119 1950
10800 3579 2850.4 2790.6 2470.8 2064.6
10900 4565.4 2937 2577.4 2085.4 1740
11000 3022.2 2614.8 3279.2 2430 2133.6
11100 3836.4 2780.2 2646.2 1915.8 1811
11200 3918.8 2761.2 2271.4 2597.4 1880.6
11300 3602.8 2766.2 2777 1936.8 1747.6
11400 3384.6 2739 2928.8 2050.8 1745.2
11500 3509.4 2841.2 2255.2 2093.6 1766.6
11600 3332 2961.4 3065.6 2250.6 2204.8
11700 4196 3589.4 2366.2 2556.2 2192.4
11800 3720.4 3325 2573 2370.8 1967
11900 3542 2799.6 2560 2323.4 1830.6
12000 3981.4 3250.8 2412.4 2033.4 2212.4
12100 4221.2 3155 2610.2 2282.2 2015.2
12200 4355.6 4290.8 2421.6 2816.2 1923.8
12300 5562.6 3584 2753.6 2262.6 2243.2
12400 4849.2 3483 2580.4 2254 2021.6
12500 5631.2 3857 3327.4 3170.4 2725.6
12600 4998.8 4259.6 3449.8 3474.6 2380.2
12700 4928.4 3380.8 6048.2 2782.4 2466.8
12800 4922.4 3425.2 6218.2 3626 2058.6
12900 7887.8 3844.6 3213 4602 2345.4
13000 6003.4 3344.6 2757.6 2885.4 2641.2
13100 5374.4 3582.4 3595.4 3050 2502.2
13200 5230 4065.2 3020.6 2612.6 2672.6
13300 4206.2 3453.4 4199.6 2502.2 2604.8
13400 4739.8 3540.2 2910.8 2475 2965.8
13500 4516.6 3961 3999.8 3029.8 2580
13600 4792.4 4226 3224.6 3180 2801.6
13700 5292.8 4171.6 3997 2653.8 2851.2
13800 4705.6 4196.6 3173.8 2696.2 3124.8
13900 5753.6 3834.8 3722.4 3075.6 2615.6
14000 4925.6 3527.2 3048 3070.6 2755.6
14100 4747.2 3833 3517.8 2833.6 3435.6
14200 5470.2 4518.6 3803.2 3487.8 3568.6
14300 5557.8 4113 3484.6 3312.6 3375.4
14400 7584 6992.2 4887.6 3578.4 3921.4
14500 5443.4 4215.2 3447.4 3428.8 3570.8
14600 5437.4 4716.4 3798.4 3620.6 3084
14700 5484.2 3995 4137.6 3533.6 3169
14800 5862.4 4326.4 3747.6 3339.2 3619.6
14900 5847.8 5308.6 5673.8 4231 5544.6
15000 5105.8 3890.8 3561.2 3338 3031.6
15100 5820.6 4621.4 3187.8 3421.6 2797.2
15200 5355.6 3757.8 3314.4 3000.6 3465.8
15300 5819.6 4337.4 3841 3060 3378
15400 5327.2 4493.6 3524.6 4059.4 2977.4
15500 5294.4 4270.2 4028.2 3298.2 3494
15600 6130 3816.6 3755.6 3018 3055
15700 5100.6 3921 3189 3782.8 3687.6
15800 5375.8 4286 4104.4 3531.6 3304.4
15900 4869.2 4453.4 3330.6 4353.6 4081.4
16000 5968.6 3932.2 3261.2 3633 2887.8
16100 4894 4576 3229.6 4111.2 2951.8
16200 5268.2 4156.8 3843.6 3615.6 3485
16300 5506.6 4830 3481.4 4793.2 3390.8
16400 6094.6 4558 4035.4 3814 3152.6
16500 5036.6 5474.2 3807.2 3665 2992
16600 5564.4 4045.2 3703.4 4047.8 3416.6
16700 6042 4839.4 3937 3978.4 3047.2
16800 6683.6 4469.4 3507.4 4819 3111.6
16900 5889.2 5643.4 3818 4185.6 3361.6
17000 6228 4434.6 3490.6 3606.8 3526
17100 5021.4 5173.8 3610 3506.8 3135.6
17200 6301.4 4538.6 3526.2 3633.2 3584.8
17300 6775.6 5087.4 4463 4240 3911.8
17400 6553.4 4323.8 3884.8 5338 3927.6
17500 8254 6119.4 5711.6 4868.4 6155.8
17600 6248 5785 4249 4192.2 3968.2
17700 5600.2 5980.8 3844.8 4531.8 3285.6
17800 5564 4808.2 8301.6 5457.8 3368
17900 5953 4901.2 3920.6 3860.6 5453.2
18000 5082 4389.8 3582.8 4965.8 3433
18100 5515.4 4494.4 3883 3850 3205.8
18200 5460.4 4110.4 3475.8 3594.2 3470.2
18300 5431 4743.4 3501 4009.4 3127.8
18400 5698.4 4990.8 3888.6 3515.8 3989.6
18500 5499.4 4139.4 7123 6235.2 5342.4
18600 5786.4 4792.6 5774.6 3726.2 5015.2
18700 6153 5018 6166.6 5110.8 4304.8
18800 5295.6 4796.6 3974.6 3969.8 3432.8
18900 5262.6 5063.4 3913 3549 3498
19000 5821.8 4949.2 4101.2 3853.2 3295.4
19100 5602 4663.2 4222 4262.4 4166.2
19200 7060 6573.4 4150.4 5228.6 3305.8
19300 6317.6 5386.2 4620 4161 3730.6
19400 6424.8 4631.6 3976 3752.6 3857.8
19500 5811.8 5258.6 4607.2 4554.4 3915.6
19600 5685.4 4938.6 3815.6 4525.6 4225.6
19700 5699.2 5067.6 4500.2 4517.2 3796.8
19800 5585 4569.8 4317.6 4237.4 4431.6
19900 5730.8 5307.8 4510.2 5461.8 3391.6
20000 5867.2 4815.6 4049 4033.8 3703.2
20100 6860 4746.6 3857.2 4197.2 3843.8
20200 6462 4898.4 4518.6 3969.4 4054.8
20300 6509.2 4431 4834.2 4408.4 4360.8
20400 5818.6 4808.2 3847.2 4634.6 3675.6
20500 6628.2 5154.6 4749.6 5082.2 3495.4
20600 6732 5426.6 4773 4351.8 4070
20700 6062.4 5102 4360.2 4032.4 3890.4
20800 6645.2 5445.6 4235 4318.2 4305.2
20900 6903.6 4860.2 5102.4 4746.2 3999.2
21000 6348.6 5296 4637.8 3991.4 4547.2
21100 6419.2 5445 4459.6 4684.6 3697
21200 6482.2 5379 4857 4370 3679.2
21300 6076 6286 6011.2 4464.6 5071.6
21400 6541 5776.8 5963.6 4622.6 4037.2
21500 6512 5836.6 5128.8 4377.4 3855.8
21600 7252.6 6734.4 4747.4 4396 3772.8
21700 7304.6 5951.4 5129.4 5098 4261.2
21800 6758 6318.4 5165.6 4439.4 3837.2
21900 9228 8545.2 6891.4 4794 8959
22000 7230.4 6395.4 5354.2 7918.6 6963.2
22100 8137.8 6527.6 8011.8 6591.8 4286.8
22200 6985 6865.4 5699 7092.6 7994.6
22300 8732.2 7023.8 6234.2 5565.8 5890.2
22400 7246.2 6951.8 6931.4 6651.6 5412.2
22500 9401.6 7049.2 5565.2 5685.2 3868.2
22600 12117.6 9804.8 8235.4 5820.8 5389.8
22700 8782.8 9082.8 6475.6 5668 4752
22800 9701 8621.8 7373 5384 5396.4
22900 10320.6 7422 7235.4 5774.4 5110
23000 10355.2 6964 6184.8 5626.2 4940.6
23100 9027 7875.2 6460.2 5271.2 4790
23200 8864.6 7441.2 6248 5877.8 4643.2
23300 9285 7560.8 6302.4 5079.8 5257.6
23400 9323.8 8357.6 6393.6 5845.8 4738.2
23500 9430.6 6511.2 6199.2 5307.8 5238.8
23600 9528 7789.2 6596 5631.2 5095.2
23700 9062.6 7800.4 5977.8 6587 4954
23800 8794 6869.4 6423.8 5983.8 5414
23900 8514 8028 7023.6 5736.4 4389.6
24000 8571.6 7647 6461.8 5847.6 5049
24100 7979.8 6736 5429.4 5359 4308.2
24200 8670.4 7717.2 5439.6 5022 4985
24300 8670.6 8180.2 6295.2 5698.6 5388.2
24400 9616.4 6669.8 6766.4 6578.2 5604.6
24500 8716.6 7935.6 6774.2 5508 6160.8
24600 9533.8 7589.8 6978.6 6059.8 4783
24700 11209 7711.6 6886.8 6130.2 8380.2
24800 13800 11020.2 8237 6614.8 6616.4
24900 9672.8 9397.4 6815.2 6916.8 5492.4
25000 9723.6 9037.8 9315 6066.4 5297.2
25100 9745.4 8340.6 7630.4 7590.4 6324.6
25200 9599.8 8131 6502.2 6134.2 5302.2
25300 11432 9967.8 6033.2 5102.4 5903
25400 9912.2 7920.8 6400 6208.8 5607.8
25500 10222.2 8045.6 6564.2 5439.4 5669
25600 9990.2 8368 7422 6551.8 5251.2
25700 9755.6 7227.8 6364.8 5344 5547.4
25800 9523.4 8388.8 7201.6 5257.2 5805.2
25900 8956.8 7213.8 5993 5221 5406.4
26000 12398.8 8851.2 6614.6 5638.8 5064
26100 9407.4 7237 6736 7228.8 5842.8
26200 9561.6 7253.2 6426 5524.2 6100.6
26300 9955.8 7611.8 7818.8 7087.8 5905.2
26400 10921.8 8428.4 6487.4 5534.8 6118.6
26500 10373.2 8468 6243 5602.6 5823
26600 10367 10767.4 6382.8 6257.2 6735.6
26700 10700 7025.8 7472.2 5469.8 7651
26800 10016.8 7897.4 7139.2 7959.4 5786.2
26900 9758.4 7604 6919.6 7294.8 6441
27000 10581.4 8186.2 6702.4 5730.8 5750.6
27100 10608 8569 6797.4 6644.2 5527.6
27200 10078 8329.4 6377.2 6922.2 6685.6
27300 10389.2 8965 6627.4 5790.2 6803.4
27400 11508.6 9117.2 6144.8 5423 7999.4
27500 11273.2 7794.6 7678.4 6121 5893
27600 10159.6 7758.4 6446.4 7773.2 6195
27700 9935.2 8655 7902.4 7066.6 6514.4
27800 10251.2 8895.2 7360 6789.8 6807.8
27900 10410.2 8209 7425.4 6785.4 5811
28000 11197.8 7682.4 6582.2 6321.8 6444.6
28100 10397.2 7912 6701.2 6009.4 7254.4
28200 10131.2 8710 6992.4 5907 6239.4
28300 11156 7924.8 6941.2 6277.2 5811.2
28400 10715.2 7392 7472 6921.8 6143
28500 10511.4 7684 7837.4 5853.8 6360.6
28600 10117.8 9343.6 6923.4 6136.8 6065.8
28700 10050.8 8528.6 7836.8 6901 6688
28800 9731 8408.6 7367.6 6844.8 6113.2
28900 9457.8 9012 6805.4 6559.2 7391
29000 11039 8630 7724.6 6225.2 6552.2
29100 10692.4 8778.6 7472.4 7048.2 6782
29200 10667.8 10168 11468.2 6131.6 6659.8
29300 12047.6 8798.4 7231 6211.4 5947.8
29400 10735.6 10135.2 6750 6462 6018.8
29500 15114 9015 18576.4 7210.8 5848.4
29600 10579.6 8720.2 7151.8 7778.2 7193.4
29700 10829.6 9187.4 7802.2 7126 6938.8
29800 10481.6 9443 6693.6 6052.8 6946.8
29900 10876.8 8556.6 7525.8 6510.8 7238.2
30000 11443 8464.2 7526.2 6529.8 7863.6
30100 10647.8 9232.2 8056.2 6703 6089
30200 10572.2 8623 7552.6 6558.8 6329.6
30300 9811 8673.4 7215.6 6516.8 6016.2
30400 11112.2 8911.2 7708.8 6730.4 6945.8
30500 9916.6 9103.6 7289.2 7639.8 6032.4
30600 11023.6 9252.4 6863.8 6884.4 8271
30700 12214.4 8417.4 7422.2 6559 6751.6
30800 11435.6 8845.6 7367.6 6952 6655
30900 10704.6 9813.8 7714.4 7818.8 6122
31000 10780.4 8141.8 8861.6 6667.6 7228.6
31100 10856.2 10145.4 8073.4 7381.6 6801.4
31200 11801.6 9191.2 8144.4 7014 7001.6
31300 11695.8 8575.6 7350.8 7526.2 7043
31400 11515 9484.4 7235.6 6873.8 7501.4
31500 11134 9914.4 7604.4 8121.8 6914.4
31600 11022.8 10236.4 8559.2 8873 6741.4
31700 11763.8 9459.6 7885.4 7799 6467
31800 10907.6 10609.8 7954.8 7421.2 7123.2
31900 12742.2 10399.8 7416.8 7483.6 8252.2
32000 12946.4 9278.6 7739.8 8271.4 7338.2
32100 10889.2 9235.8 8578 7411.8 7960.8
32200 12202.2 9794 8762.8 9594.2 7646.2
32300 13976.6 9175.8 8073.8 8158.4 7428.2
32400 12267.8 8648 8456.2 8033.2 7107.6
32500 12147.6 9157.4 8306.8 7531 7113.2
32600 19208 10258.4 9150.6 9339.6 7858
32700 12271.4 10166.8 9421 9228.8 7290.4
32800 11680.8 11293.8 7938.2 9199.2 7472.2
32900 11468.8 9250 9020.4 9967.2 7295.2
33000 12242.2 9314.8 7625 10583.2 11786.8
33100 12572.4 13435.8 14885.4 14059.6 6673.4
33200 10447.2 9098 9613.8 8845.4 7411.8
33300 11477 12547.4 9690 10072.6 8782.6
33400 12359 11145.2 8832.8 9340.6 8162.2
33500 19363.4 10094 8160.4 9529.4 8766
33600 12789.6 10248 9395 10265.4 9003.8
33700 12168 13163.4 8993 8318.2 8010
33800 23603 11041 12710.8 13698 8036.4
33900 13408.6 12192 10770.4 8120.4 9243.6
34000 22229 9020.2 10192.6 9486.2 9521.8
34100 12753.6 9316.8 11720.2 18104 10351
34200 19388 14709 9067.2 9148 8221
34300 11236.4 9893 8913.2 8943.2 8483.8
34400 11409.4 9042.2 9168.6 8051.2 7549.2
34500 11595.2 9970.2 10210.6 8661.8 8412.6
34600 12655.8 9519.8 8054.2 9404 8251.2
34700 12088.8 10047 8410.2 9470.8 7738.2
34800 11114.8 8693.2 8330.2 8765.8 8299.6
34900 13063.2 9485.2 8683.8 8395 8136.2
35000 10857.8 11100.4 9285.4 7858 7852.2
35100 11500.4 13047.2 9364.6 8137.4 7926
35200 11915.6 14501 10031.4 7980.4 8117.4
35300 11498.2 9962.6 8649.4 7738.6 7312.4
35400 11055.6 9610.4 9835.4 8392.4 6903.2
35500 12334.6 10376.4 8059.6 10049 7644
35600 12321 9087 8405.4 9922.4 8303.4
35700 12305.4 9542.4 8353 9112.4 7407.4
35800 13398 10739.8 8851 8144 8272
35900 14882 10528.2 8707.4 8356.2 7084.4
36000 11312.8 9573.6 8679.8 8419.8 7424.6
36100 11519.6 10290.8 8085.4 8181.6 7660.6
36200 11729 10790.2 7922.8 7892 7274.8
36300 12033.6 10067.4 8174.2 8246 7925.6
36400 11536 9710.6 8655.2 8567 7125.6
36500 11250.2 9038.8 8483 9509.2 7570.8
36600 11973.6 9433.2 8374.6 9115.8 8187.4
36700 11538 9807.2 8698.6 8232.8 7363.8
36800 11766.6 10088.8 8382.8 7688.2 7412.4
36900 11304 9365.8 8417 9838.2 7176.4
37000 11061.2 9019.8 8032 9469.8 7381.8
37100 11229.6 9632.8 9991 8222.4 7407.2
37200 11539.4 9042.6 8419.8 9167.4 8384.2
37300 11998.6 8975 8263.4 8604.4 7341.8
37400 11820.2 10260.2 8313 9212.6 7485.4
37500 12975.2 9583.8 8253.4 8162.8 7774
37600 11577.2 10026.4 7853.6 8348.4 7663.6
37700 11588 9809 8847.6 8809.6 7608
37800 13389.2 9784.6 9198.4 8984.8 8533
37900 11233.2 10244.2 8898 8714 8017
38000 11514.4 9583.6 8583 9537.4 8494.8
38100 11871.6 9549.6 8348 8194 7973.4
38200 12168.6 10075.6 10421.4 8054.4 8028.2
38300 12293 10692.6 8221.8 8387 7657.2
38400 12142.6 10949.2 8462.2 9809.8 8128.4
38500 12407.6 9587.2 8275.8 8669.6 7661.6
38600 11592.2 11012.2 8685.2 8593.2 7935
38700 12357.6 11066.6 9177.4 10293 7697.8
38800 12129.4 9911.2 8307.4 8574.8 7586
38900 12401.8 10095 8875.8 8762.2 8498.2
39000 11839.8 10777.2 9181 8681.6 7924.6
39100 11878.2 9917.2 8843.2 8273.6 7994.6
39200 11824.6 9855.4 8639.6 8482 7894.6
39300 11311.8 11103.6 9634.6 9087.2 8020.6
39400 11764.2 9900.2 8775 9815.6 8213.4
39500 13082.4 9925 9417.6 9527.4 8016.8
39600 12198.2 10793.4 8647.2 9008.8 8388.8
39700 12101.4 10039.2 8962.6 9376.4 7965
39800 12149.8 10084.6 10032.4 8720.2 8182.8
39900 11925.4 11363.4 9057.8 8440.4 7863.6
40000 12395.6 10571.8 8727.8 9349 8155.2
40100 12523.6 10235.8 8974.2 8987.8 8689.6
40200 12490.4 9538.8 10317.6 9582.2 8295.4
40300 12084.4 10423 8621.2 9361.8 8109.8
40400 12313.8 10389.8 9903.6 9494.2 8064
40500 13298.8 10229 8878.4 9745.8 8842.4
40600 12758.6 9621.8 9052.4 9566.4 7653.4
40700 12458.4 11602.6 8928.6 8806.8 8245.4
40800 11805 10050 9659.8 8881.6 8070.4
40900 12431.6 11394.4 9447.6 8912.6 8152.4
41000 12170.6 13544 12154.4 18331.4 8193
41100 13343.8 10276 9174.2 9206.2 8288
41200 13508.6 11348 10175.8 9267.6 8595.4
41300 14406.4 11580.8 10208 11095.4 11029.8
41400 14520.2 13097.4 10790.4 10335.4 14214.6
41500 20824.6 19208 16693 9378.8 9641.2
41600 17044 14044 12515.2 9473.6 9251.8
41700 12886.4 11581.6 12618.8 10443.6 8390.4
41800 13429.8 12817.6 10274.8 9360 8917
41900 13628.2 10958.6 10898 9321 8030.6
42000 14866.8 11200.4 9892 9608.4 9856.4
42100 14069.2 13425.8 13744.8 11893 9817
42200 13479.8 12450.8 11818 11756.6 8895.6
42300 13429 11999.4 10624.8 10123.6 9845.6
42400 14873.6 12402.6 11375.4 9421.6 9141.6
42500 13917.6 11678.6 11291.6 9150.2 8425.8
42600 13432.8 12454.2 10475.2 10774.4 9644.4
42700 15395.2 12642.8 11883.6 9183.8 8520.2
42800 14361.2 12196.2 12445 9297 9165.4
42900 13782 11768.6 11628 9608.8 8714.2
43000 14872.6 11864.8 10677 10940.8 10086.6
43100 14098.8 13191.4 11670.4 9731.2 8712
43200 14007.8 12366.8 11722.2 9930 8146.2
43300 14604.2 12285.6 10952.8 9475 8382.2
43400 14000.6 12571.6 10954.6 9814.8 8923.8
43500 13584 12085.8 11326.2 9509.8 9708
43600 14456.4 12226.4 10645 9090.8 8398
43700 15702.2 12362.4 11737.6 9574.8 8235.8
43800 15340.8 11862.8 10756.8 9737.2 8515.4
43900 14614.6 13279 11114 9323.2 10005
44000 15377.6 13771.6 11244.4 10064.6 8602.4
44100 14218.4 12914.2 11026.4 9310 9028.8
44200 14335.8 13814.4 11671.4 10034.6 8713.6
44300 15894 13822.6 11574.8 10216.6 9873.2
44400 15538.4 13913.6 12704.2 10541.6 9573.6
44500 14231.2 13148.8 11817.6 9494 9059.2
44600 14719.4 12678.8 11534.8 9784.6 9559.2
44700 15052.8 13262.2 12501.8 9939 8882.6
44800 14832.2 13993.8 11209.8 9854.8 8795.8
44900 14699 12874.8 10817 10214.2 9662
45000 15403.6 13880.4 12137.8 11648.8 8730.6
45100 14432.2 13658.4 11091.8 10548 8904.8
45200 15782.8 12898.8 11519 10329.8 9000.4
45300 14921.6 13610.2 11158.2 10432.4 9609.4
45400 15235.2 13257.6 11495.8 9608.4 9568.8
45500 17228.8 14123.2 11827.8 10315.8 9064.2
45600 16243.2 13828.4 11105.4 9855.6 9107.8
45700 16008.6 13168.2 11862.8 9744.4 10130.2
45800 15378.6 14387.6 12683 10128.8 9988.8
45900 16170.2 14227.4 11558 10087 9134.4
46000 15410.4 13333.4 11065.2 10044.2 8909.2
46100 16156.8 13761.2 11447 10096.2 10035.2
46200 15784 14540.4 11683.4 10127.4 9282.2
46300 17077.2 14006.2 11915 10237 9264.8
46400 16712.6 14417.4 11982.2 10268.4 9718.4
46500 16374.4 14045.2 11708.8 10556.8 9473.4
46600 16903.4 15089.8 11456 10141.6 10973
46700 16361 14748.6 12029.6 10887.2 8834.6
46800 17464.2 14960.8 11741.2 10867.2 9379
46900 17051.2 14590.8 12515.8 11144.2 10366.8
47000 16225.8 14941.2 11798.4 10996.6 9448
47100 16906.4 13338.6 12103.6 10789.4 9278.2
47200 17484.8 15674.4 13097.2 11698.8 10069
47300 18313.8 14198.4 12106.8 11457.8 9417
47400 16688.6 13467.4 11490.8 11849.2 10008.6
47500 16636.8 13755.6 11611.6 10833.8 9336
47600 16530.8 14311 11078 10666.6 9601
47700 17570.6 15145 12110.4 10211.2 9594.8
47800 17177 14929.2 11371.4 10478.4 9625.6
47900 17333 14576.6 12068.4 11275.4 9757.6
48000 18051.2 13622.2 12692.2 11465 9927.2
48100 16995.8 15320.6 11891.8 10953.6 9822.4
48200 17272.4 14632 12002.8 10278.6 9598.8
48300 17299.6 14917.8 11904.6 10262.4 9648.2
48400 16839.2 14743.2 11954.4 10836.6 9575.4
48500 17223.4 13922.8 13061 10241.2 9969
48600 17315 14349.4 11660.4 10588.2 9694
48700 17765.6 14142.6 12279.2 10316 10012.4
48800 18845.6 15279.6 12237 10618 9911.8
48900 17524.6 14500.2 12102 11575.8 10188
49000 18571.2 14505.4 12928.2 11140.8 9857.6
49100 18405.6 13890.4 12048.2 10606.2 9769
49200 17421.6 14077.6 12248.4 12362.8 9947.2
49300 17315.2 14395.4 12058.2 10923.4 9604.8
49400 19159.6 14644.4 13974.2 10893.4 10046.6
49500 17137.4 14134.2 12015.4 10809.2 10226.2
49600 19491.2 14214.4 13139.2 10465.8 10752.2
49700 18317.8 14368.2 13232.8 10711.2 9762.8
49800 18112.2 14393.6 12931 11127.8 9935.8
49900 18990.6 13620.4 12138.8 11285.2 10235.6
50000 18462.8 14366.2 12966.6 10874.8 10175.6
50100 19033 14049.4 13647.4 11966 9635
50200 18360.4 14602.2 13573.4 11260.2 10320
50300 17423.6 14746 12503.2 11669 10112.4
50400 21741.6 14926 13660.6 12513 11617.8
50500 18446.8 14108.4 12335.8 11353 10228.2
50600 18324 15756.6 13612 10854.8 9855.6
50700 17777.8 15410.6 13633.2 11105.4 11713.6
50800 19632 14692.6 13664.6 10902 10329.4
50900 17842.8 15332.6 12703.6 11776.2 10191
51000 18754 14698.8 12444.2 11932.4 11081.6
51100 18515.6 15004 12183 11534.2 10467
51200 19118.4 14982.8 13649 11917.2 10500.8
51300 18560.2 14316.8 13459.4 11457 11132
51400 18724.6 14296.6 12560.2 11581 10225.6
51500 18489.6 15875.8 13422.8 11149 11504.8
51600 19409 15416 13679.6 11216.6 10974.8
51700 20300.8 16001 12645.2 11018 10887.6
51800 18530.4 15580.8 12724.6 10728.6 11341.2
51900 18387.8 14462.4 13547.6 11843 11872.8
52000 20159 14735.8 12868 11200.4 11860.8
52100 19601.6 15549.8 12323.4 10950.8 12500.8
52200 20344 16923.4 13209.2 11346 11674
52300 18400.2 15432.6 13496 12710 11519
52400 19802.4 15215 13273.4 11662.6 11263.8
52500 19892 14570.8 12569.6 12478.8 11531.8
52600 17762.8 15150.2 13038.8 12852 12853
52700 18260.2 14766.4 13559.4 11585.8 11347.8
52800 18919 15806.6 12805.8 11581 11895
52900 18640.2 16666.2 12459 12864.2 11154.4
53000 18647 15435.8 12901.2 11392.2 11273.4
53100 19691.6 15102.6 12688.2 13641 11761.6
53200 20292.2 17424 12983.4 11471.4 12350.6
53300 19820.6 16143.6 13595.2 12442.4 11833.4
53400 19873.8 15527.2 12982.8 11443.2 12290.2
53500 18208.2 14706.6 14169.2 11478.8 13002.6
53600 19235.2 15097.6 14133.8 11499.4 11653
53700 19266.4 16353.8 12519.4 12354 12093.8
53800 18506.8 15196.8 13363.6 11398.6 11480.2
53900 19176.8 16793.8 13726.8 12877.4 11588.6
54000 20256 15030.6 13097.2 12017.8 12914.4
54100 19722.4 15399.6 13086 11496 13339.2
54200 18755.8 15215.8 12948.8 11115 12970.4
54300 19246.2 15404.8 13011.6 12962.4 11588.2
54400 18905.4 16293.2 12629.6 12363.8 12665.2
54500 19470.4 15213 14142 11693.2 11975.8
54600 19373.4 15658.2 13047.4 12502.8 12106.2
54700 19107.4 15022.2 13409.4 11574.2 11280
54800 20979.6 15572.8 13253.6 11744.8 12104
54900 19267.6 15577.2 13938 11806.4 11851.8
55000 20362.2 15094.6 14083.2 12124.2 12716
55100 20520.8 17236 14504.2 12151.8 11839.2
55200 24769.2 16306.2 13310 11934.4 11990.8
55300 19475.2 16028.6 12974.8 12532 12441.6
55400 19089.6 15031.6 14302.8 11369.6 12152.6
55500 19634.6 15749.4 13359.8 12346.8 11940.2
55600 19336.4 15615.6 13644.8 11778.6 12322.6
55700 19086.8 15612.8 15822.4 11811 11739.4
55800 19655 16819.4 13441.4 12756.6 12593.4
55900 20621.8 15844.2 15682.2 12031.4 12466.4
56000 19707.6 18126.2 14586 12046 13104.4
56100 20531.6 15943 15243.8 13802.8 12615
56200 21532.6 19150.8 14163.2 12130 11685.6
56300 19821 15460.8 13612.6 12112 12437.8
56400 20163 16021.2 13812.6 12020.2 12253.2
56500 20926 17699.8 15229 13411 12170
56600 20524 16067 13821.6 12630.4 12369.8
56700 19364.8 15938 13662 12616.6 13002.2
56800 19416.6 16279.8 13348.6 12431.2 12514.2
56900 23664.8 19170.6 16461.4 13555.2 12023.6
57000 22032 17991.4 14803.2 12547 12824.8
57100 19891.2 16090.8 14531.8 14465.2 13333
57200 19596.6 15855.6 13625.6 13170.2 12221.4
57300 19327.2 15462.2 14921.8 12971.4 13058.6
57400 20045.4 15736 14318.8 13033.8 12378.4
57500 20324.8 16597.8 14225.2 12807.8 13544.6
57600 19691.2 15870 15792 13273.2 13017.6
57700 21380.4 16571.6 14391.2 14017.6 13297.4
57800 20744.6 15579.6 13487 12365.2 14082.2
57900 22289.4 19395.2 16410.8 21524.8 16241.8
58000 23216 24240.6 16978.2 15504 17147.2
58100 23540.6 24683.6 14878.6 13026 13536.4
58200 21614.8 16798.4 14791.2 12944 13455.6
58300 21403.8 17938.6 14254.6 13432.4 15701.8
58400 22960 16084.4 15017 13119.4 14080
58500 21423.2 18853 14679.4 13798.2 13007.2
58600 20735.8 17706.8 15429.6 13093 13252.6
58700 23482.8 17409.8 17630.4 13386 13301
58800 20343.8 17066.2 14707.8 12274.4 14541.8
58900 22724.8 16302 15065 12741.8 15002.8
59000 23573.2 19425.4 14015.4 12445.6 13015.4
59100 21787 19322 16684.4 13669.2 13974.2
59200 25276.6 17602.8 15111.2 12789.2 14381.4
59300 21335.8 17161.6 15745.2 13129.6 13431.8
59400 21971.8 16989 14929.4 14525 12947.2
59500 20891.4 17143 14941.6 12640.8 14180.6
59600 22031.2 17183.8 15375.4 12983.4 14423.8
59700 25210.6 16387.8 16239.8 14003.8 12650.2
59800 21706.8 17405.2 18392.8 15273.4 13858.2
59900 21199.4 17354.8 14111 13063 14085
60000 23208.8 19257.4 15156.4 16806.8 15555.4
60100 28131.6 20021.6 16462 20046.4 13639.2
60200 23644.2 18296 16247.2 14243.8 14262.2
60300 28247.2 21540 16695.8 16237 14782.6
60400 23593.2 28360.2 20015 19906.8 21216
60500 28213.6 22522 16291.6 18488.4 14581
60600 27375 26202 17175.4 22212 19994.4
60700 22451.8 19833.4 16290.2 14872.8 14999
60800 26130.4 24571 29277.6 14324.2 15945.4
60900 26778 19008.6 21652.6 20270.2 15269.4
61000 30560.4 23698.6 18687.6 16510.8 13535.8
61100 28888.8 18262.4 25179.6 13732.4 13285.4
61200 21634.6 17504 15803 13609.6 14280
61300 21155.6 18235.8 15665.2 13766 13880.4
61400 21534.8 18312.2 14924.6 13457.8 13638.8
61500 22598.6 19465 15488 14535.8 13867
61600 21478.4 18842.6 14730.4 13189.6 13894.2
61700 21563.4 17415.2 16532.4 13449.6 13404
61800 23200 23734.4 14745.8 16739.8 14128
61900 21081.6 17996 14968.8 13665.6 15938
62000 26437 19911.4 17891.6 14698.2 14290
62100 22373.8 17794.8 15201.6 14353.8 14098
62200 23615.6 17154.6 15171.4 14796.8 14622
62300 23332.4 18127 16590.2 16789.4 15401.2
62400 24154.8 18616.6 16382.8 25432.6 14622.8
62500 22296.2 20878.4 16606 15242.4 16083.8
62600 25594.4 18701.6 16362.2 16718.8 16211
62700 27530.8 22379.4 19127.4 16891 16453
62800 29756.4 21728 16862.6 16043.2 14452.4
62900 22553 19598.4 21827.8 15095.8 15136
63000 48199.2 21659.6 16287.2 15753.8 14338.6
63100 25759.8 21410.8 18269.2 16860.2 15839.8
63200 26641.4 17890.8 17730.8 16680.2 14618.6
63300 23988 19860.6 17261.2 16138.2 15246.4
63400 23455.4 18475.2 15960 15764 16356
63500 22282.6 18089.6 16295 14949.8 14163.6
63600 21488.6 19274.2 15915.6 16679 14328
63700 24628.2 19616.6 20459 15635.8 15293.8
63800 23530.2 20567.8 17078.2 15538.2 15158.6
63900 23081.8 20482.6 18285.6 16514.6 14643.8
64000 21517.8 19974 17808 17205 14821
64100 31679.4 21722.4 19397.2 18883.4 15451.4
64200 23112.6 21492 18332 16652.8 14339.6
64300 23478.4 19841 16703.4 16335 14893.2
64400 22122.2 19891.6 15694.6 16175.8 13890.2
64500 23122.2 17883.6 15561.2 15814.6 14965.8
64600 21738.4 19226.6 17395.8 16153.8 14085.8
64700 23777.6 18569.6 16218.4 15893.6 14245.4
64800 21377.6 18647.4 16459.4 16395.6 14109.2
64900 21828.2 18633.2 15648.4 16861.6 14788
65000 22297 18470 16712.6 17497 14101.2
65100 21837.2 17483.2 16053 16078 14416.2
65200 22917.4 18277 16658.8 17244.6 14610.2
65300 21875.4 19015.8 15885.4 16126 14113
65400 21351.2 17984 15655.4 17190.6 14148.4
65500 22025.2 18788.8 15664 15390.4 14022.6
65600 21902.6 17520.4 15810.6 16314.8 15318.6
65700 22029.8 19634.2 16549 16859 14460
65800 22189.4 17978.4 15961.4 16855.2 14544.4
65900 22690.2 18154.2 17000.4 15668.4 14976.2
66000 21496.6 18227.6 19051.4 17666.2 14234.6
66100 23915.2 18630.6 20954.2 18226.4 15428.4
66200 23050.2 18645.2 15573.6 16644 15686.8
66300 25180.4 18385 17395.8 16665.2 14958
66400 23086.2 18882.6 16735.4 16495.2 14765.6
66500 22393 18905.4 17269 18010.2 14624
66600 22848 20602.2 16624.6 16950.4 14191.8
66700 23534 19873 16017 15793.2 14617
66800 22101 20167.6 16647.2 15851.8 16631
66900 23666.4 18877.8 16135.8 15900.8 14633
67000 21911.2 21797 17093 16041.2 14841.8
67100 23248.2 19516.8 17699.2 16128.4 15074
67200 23206.6 19762.6 15683.2 15906.4 15148.8
67300 25173.8 19552.4 17182.6 22034.4 17454.4
67400 27133.2 35506.6 26168.8 22145.8 22611
67500 35456.4 23772.2 18495.4 20707.6 19140.8
67600 29736 24079.2 19093.4 23264 19225.2
67700 27484.4 22752.2 17962.6 19155.6 16347.2
67800 25358.4 24409 20216.2 19286 17979.2
67900 25752 22260.4 23097.6 18901.8 17520.6
68000 27042.8 21409.6 18435.4 19421.2 16410
68100 24462.2 20211.4 18135 17776.2 17218.2
68200 25279.2 23978 19343.6 18155.6 15950
68300 25714 19775.4 19669.6 16692.2 15937.4
68400 23280 20708.6 17424.4 18600.2 18434.6
68500 24814 20271.6 17174 18387.4 18256
68600 25088.4 21466 19089 18575.4 15347
68700 23989.6 19981.6 17604.4 19043 16649.4
68800 25911.6 20540.6 20309.6 19519 17235.8
68900 24434 20908.8 17093.2 19777.2 17001.8
69000 24231.4 21352.6 19045.6 17548.2 17603.2
69100 29186 23055.8 20545.8 31652.6 17238.2
69200 28451.2 21031.4 20562.6 18699.4 16231.6
69300 24840.2 20816.4 18748.6 19354.4 23862.6
69400 23667 21033.2 17030.8 18074.4 16762.2
69500 25353 21334 19654.4 19334.4 16817.4
69600 24303.6 20545 20264.8 18264.2 18238.2
69700 26378.6 20675.2 18979.8 17624.6 16736.2
69800 24471.6 19828.4 18691.4 17542.4 15985.6
69900 23537.8 20726.4 18990.2 17920.6 15235.8
70000 24194.2 21450.4 18600.2 17324 15866.6
70100 23761.2 21126.8 19336.2 18997.6 18237.4
70200 24945.8 21801 17307.2 16402.6 16273.6
70300 24820 19069.4 17845 18005 16403
70400 24332.8 20010.8 19162.6 17680 15658.4
70500 24963.2 20503.4 17225.4 17553.6 14617.6
70600 24496 20419.2 16957.6 17009.4 17699.8
70700 23674.4 19563.4 18013 18698 16514.8
70800 24176.4 20255.8 17890.8 17686.4 15375.8
70900 24490.4 19805.8 17328.8 18433.6 15850.6
71000 25981.4 23355.8 21110.6 20320.4 18419
71100 27421.2 22323.4 19874.8 18192.4 17765.6
71200 23323.6 19709.4 18731 18435 16694.2
71300 27572.4 25973.8 20645.8 21785.6 17351.4
71400 37648.8 31729.6 17831 17640.8 17878.8
71500 26299.4 21251.2 20368.6 18886.6 17433.6
71600 26178.4 20310.2 19392.8 17423.2 17125.2
71700 25130.4 21353 18389.2 19040.4 16860.6
71800 26191.4 20049.2 18278.8 18195 15321.6
71900 25334.8 21698 21656 18834 15993.4
72000 25213.8 20309.6 17033.4 18733 16182.4
72100 23690.4 20287 18201.8 18040.2 15841.2
72200 24280.2 19996.4 17589.6 18240.4 18820.4
72300 24414.8 20538.6 18378.6 18863.4 16180.8
72400 25473.8 19943.4 18455 18779.2 17774.4
72500 25851.4 19769.6 18474.6 17852.8 16891.2
72600 25338.6 19404.8 17718.4 17068.4 16022.4
72700 26182.6 21517.4 16875.6 18536.4 16258
72800 24547 21059.2 18500.6 18300.8 15617.8
72900 24446.8 21726.2 17609.6 17962.2 16228.2
73000 23582.6 20311.2 17101.6 18111.4 16194
73100 25653 20309.2 18727.8 17172 17183.8
73200 24520.2 22629.6 17421 17822.4 16666.8
73300 25103.8 19852 18793.8 17987.8 17341.4
73400 24591.6 38368.4 17727.8 17464.8 16484.4
73500 25359 21376.8 18294.2 17883 15603.6
73600 25221.6 20944.6 19772.8 17528.4 15655.4
73700 28983.4 21500 19137.4 20905.2 25992.8
73800 24410 21274.8 20830 18411.2 17737
73900 25834.8 22459.2 20893 19170.8 15780.4
74000 27883 27428.6 18745.4 19306.8 18271.4
74100 26966.8 22365.8 17692.8 19703.4 17568.2
74200 28204.6 22619.6 20123.6 20455 18787.4
74300 24473.4 45088.4 25642.4 18275.4 16648.6
74400 24319 19917 17109.8 17805 16388.2
74500 24637.8 21192.6 18116 18008.2 25384
74600 26331.6 21382.8 19517.8 19129.2 16729.6
74700 26544 20451.4 18375.4 18288.4 16651.2
74800 26349.2 21037.6 18748.2 18340.2 16280
74900 32128.6 24051.4 21485.4 20447.6 17045.8
75000 25386.2 20820 19887.6 18531 16482.4
75100 26465.8 21850.2 20253.6 19205.2 17951.6
75200 26258.4 22251.6 18429.4 18243.4 18029
75300 25381.2 20836 18551 18851 16696
75400 25971.6 20030.4 20252.4 19843.6 16705.2
75500 26793.6 20837 28788 18642.4 17132.4
75600 26298.6 21397.6 18680.4 19176.8 17374.6
75700 25860.4 20247.4 18266.4 17796.6 16335.2
75800 26382.8 22648 18665 19028 16932.8
75900 24952.6 21906 20230.8 18362.8 16849.6
76000 24727.6 20951.2 19023 18084 17413.2
76100 26709.2 22116.8 18722.6 19689.6 15842.8
76200 26223.2 21391.2 21673.8 18584 17834.2
76300 26593.8 21937.6 20387.8 18275 17604
76400 25427 20635.8 18236.8 18571.8 17599.8
76500 24638.6 22349 18351.4 20434.2 16503.4
76600 26116.2 21832.2 18525 21215.4 16565.8
76700 25357.4 21174.4 20235.6 19515.2 17013.8
76800 25126.4 22898 20723 19587.8 17071.8
76900 25022.6 21085.6 19454.6 18829 17008.8
77000 26996.2 24291.4 19520 19400.4 17923.8
77100 25632.4 21421.6 18773 18245.2 17979.8
77200 26868.4 22702 20170.4 19552 18431.6
77300 31479 21627.8 19899 18514.4 17546.6
77400 24806.2 22869 19861.2 21237.6 20643.8
77500 27010 23057 19868.4 19530.8 17107.4
77600 25098.4 22814 20998.2 18662.2 18084.6
77700 27271 22368 20201 24364.2 17712
77800 27325.4 23929.2 19157.8 18970.4 18056.4
77900 25220 21931 19051.2 18719.6 17353.8
78000 30132.2 25877.8 20522.6 19773.6 17922.8
78100 25643 26535.2 19842.8 18963.8 17361.8
78200 25667.6 22221.4 18260.2 18500.8 17212.4
78300 25622.8 22185.4 18681.6 19427.4 16660.8
78400 26977.8 21830.6 18688.8 18930.8 18678
78500 25152.8 22418.4 18551.4 18580 17185
78600 25198.6 22940.2 18412.8 19520.6 17175.2
78700 25097.2 22887.8 21851.2 19125.4 17824.8
78800 27445.6 23606.2 21167 19064.6 16856.2
78900 26145.4 21279 19487.4 21937.4 21478.4
79000 28919.2 22181.4 21909.6 19445 17624.8
79100 26307.4 24481 19741.8 22422 19898.2
79200 27318.8 23414.6 19385.4 21186.4 18279.2
79300 26700.8 21510.6 19242.8 20524.2 18868.8
79400 27124 22347.4 20142.2 21585 21202.4
79500 26206.4 22279.6 19711.8 21032.2 19135.8
79600 28672.8 25282.6 21963.8 24506.4 25116.2
79700 25383.8 23017 19783.4 19913.6 18119.8
79800 26453.6 24777.2 20114.2 20811.2 18277
79900 27225.6 22036.4 19445.6 21043.2 17882.4
80000 26114.6 21345 19673.4 18764.8 17157.2
80100 26331.8 23650.2 19639 24236 20848.6
80200 26644.8 24863.6 19173.6 21235.6 18317.8
80300 29246.6 22499 20329.4 19919.2 17967.6
80400 29458 23702 19826 20112.4 18046.6
80500 26714.6 25328.6 20663.2 19541.2 18962.6
80600 25831.4 21993.4 20397.2 21274.4 17314.2
80700 26119 21584.4 19134.8 20508.2 17401.4
80800 25546 21546.2 20540.4 20232.4 19536.4
80900 28785 28016 22137.4 19319.8 18792.2
81000 26786.2 22524.8 19136.2 19590.2 19609.6
81100 25491.6 25254.8 19024.2 21182.8 18260.8
81200 28133.2 22618 19465.4 19145 17403.6
81300 25857.4 21991.4 19132.2 18832.8 18906.2
81400 26353.2 23096.8 19598.8 19304.4 17892.4
81500 25594.6 23986.2 28576 19922 20265.6
81600 37975.2 27913.8 22823.8 20934 17455.2
81700 41408.2 32321.2 22080 28459.4 20895.6
81800 35504 29660 29913.2 36296.6 21614
81900 31385 25008 21089 22091.6 21962.2
82000 30484.6 25786.4 22517.8 23315.2 19849.2
82100 35280.4 24643.8 27094.6 23154.2 18299.2
82200 31606 26668.8 22999.8 21898.2 22283.4
82300 32439.4 26597.2 21481.2 22430.2 20348.6
82400 39760 23906.6 22265 27382 31927.4
82500 41761.4 27011.4 25072.2 24340 18800
82600 29216.6 26742.2 21874.4 27139.4 18336.8
82700 27859.2 24324 20997.2 23115.4 19458
82800 30915.8 28327.6 28921.2 23088.2 18717.2
82900 31934 26243 20892.2 21701 19024.4
83000 30153.2 25220.6 21554.4 21401.2 18344.2
83100 27583.2 25116.2 22553.4 22378.6 18647.2
83200 28308 23185.6 22019.6 20196 21293.8
83300 29804 23989.6 21371.4 22589.6 18329.2
83400 28622.4 26363 22150.8 20784.4 19321.6
83500 28427.6 22999.8 21884.4 22118 19593.4
83600 28917.6 25730.4 21638.4 20479.8 19015.6
83700 29782.4 23707.6 22632 19994.8 18374.8
83800 28941.4 25306.2 21576 22183.2 20199.6
83900 28293 24399.6 23368.6 21265.8 19290.8
84000 29435 26243.4 21836.2 20650.8 19457.4
84100 30964 23609.4 21823 20792.2 19910.4
84200 28555.2 25898 21297.6 20466.8 18617.2
84300 29178 25756.6 23526.8 23199.6 18179.6
84400 29712.8 26692.4 21993.8 20930.8 19706
84500 28299.8 26258 22306.8 21948.4 19544
84600 29098.4 24208.4 23428.2 21582.2 19878
84700 33401.6 31132.8 23103.2 23832.2 21244.2
84800 31434.8 26124.4 22333.6 21520.2 19721.4
84900 29305.8 25915 22285.4 23363.8 19018
85000 31098.2 24990.4 25005.4 20859.2 20401.6
85100 30056.4 28013.4 23643.8 21185.2 19684.2
85200 29534 26088 24113.4 22121.8 18239.6
85300 32059 26786 26035.4 22226.4 20506.2
85400 32218.8 26638 23904.4 21107.8 18096.6
85500 32109 25390.2 23866.8 21669.6 21008
85600 30221.4 27653.4 22954.4 21190 18979
85700 28717.4 25894.6 22611.2 19901.6 19972.6
85800 30745 26027 22685.2 20673.8 18927
85900 29927 25489.6 22768.4 21254.6 19672.2
86000 30765.8 26520.8 24399.8 20529.2 18612.2
86100 28616.8 27355.8 24023.2 20486 18410.2
86200 29016.6 26057 23978.8 21119 19700.8
86300 28849.4 25300.8 22923 20723.8 18156.6
86400 31940.8 26608.2 25599.2 21788.2 18043.2
86500 29807.6 25728.4 22567.4 21560.6 19605.4
86600 30431.6 24891.4 25353.6 20786.2 18217.4
86700 30072.8 25701.2 23445.4 20524.8 19867.6
86800 29315.2 25932.4 23673.6 20405.4 20077.8
86900 30636.4 27851 24261.6 21126 19028
87000 29285.2 26089.6 22616.2 21622.2 18479.2
87100 31923.8 27659.8 24867.6 21440.2 19058.4
87200 30220 27134.4 24782.8 22876.4 19311.8
87300 31906.6 25879.6 24728.4 21647.4 19196
87400 29998.6 26215.2 23271.8 21087.2 18508.4
87500 30719.6 27168.8 23562.4 21065.2 19804.6
87600 33063 26340.8 28313.4 21618.2 19875.6
87700 34665.4 28370.6 24805.6 21265.6 20358.6
87800 29764.4 27054.6 22786.2 22363.2 18950.2
87900 31795.8 26594.8 23609.4 24425.6 20047.4
88000 37099.2 28643.4 24521.4 22942.4 20095.8
88100 31930 29589.4 25546.2 22591.4 23658.6
88200 36517 33205.8 38278.4 30773.2 23079.4
88300 34433.6 27923.4 23836 20948.8 20109.6
88400 31641.8 28381.6 24539.8 22600 21674.6
88500 38168.6 41122 27202 26229.8 23100.8
88600 44796 35436.6 28015.2 21621.6 25328.2
88700 34804 39544 32043 25712.4 22499.4
88800 34843.4 31831.8 25324.4 24173 24452.2
88900 36685 31502.6 27474.2 25143.4 21865
89000 35069.6 30756.2 27601.8 23315 21822
89100 35006.4 30685.2 28678 24630.8 21857.4
89200 40646.2 31940.2 28880 25478.6 21916.4
89300 37774.4 35441.6 35721.2 34979.2 23490
89400 38350.2 35900.2 27820 27601.8 23282
89500 39053.6 33741 27591.6 24672.6 24794.4
89600 36409.8 32354.2 31179.4 26406.6 23172.4
89700 37629.4 32416.8 27576.2 24967.4 23431.2
89800 56863 35192.4 32427.6 24637.4 21741.4
89900 36777.4 31078.4 27232.4 23039.2 22355.6
90000 36683 34368.2 29543.8 24827.8 22704.2
90100 37434.2 31659.4 30975.4 23453.4 23301.8
90200 37057.8 30065.2 26780 25315.8 22331.4
90300 37509.8 31377.8 26306 24255.6 22635.2
90400 36506.6 31325.2 25320 26039.4 22748
90500 39110.2 33711.4 26975.6 24735.8 22619.4
90600 35071 32589.4 26040.4 24669.8 22200.2
90700 36260 31627.6 27026 23419.4 22318.4
90800 36428.8 31383.2 27356.2 23690.6 21810.8
90900 37517.4 30151.6 27367.8 23139.8 21782.4
91000 34754 31456.8 26633.6 23759 22632.6
91100 36826 32475 27845 27231.2 22738
91200 37083.2 32834.2 26732.6 25413.8 21916
91300 36744.6 32651.8 30256.2 25020 21021.4
91400 38718.6 32411.8 27401.8 25065.4 23285.8
91500 35947 30801 28227 25263.8 21849.2
91600 37653.2 30394.8 26977.4 25087.2 21256
91700 37937.8 32594.4 26452.8 24375 22021.4
91800 37406.8 33786.6 30145.2 23722.8 22619.6
91900 37508 33434 27717.2 24839 22819.6
92000 38093.4 31266.8 29552.2 24323.6 22300.2
92100 35410.6 31967.8 26684.2 24947.8 22148.2
92200 37151.6 32955.2 27083 24767.4 22020.4
92300 37940.4 31614.2 27465.6 24195.8 21597.6
92400 36658 33533.6 29678.8 23682.6 23473.6
92500 37502.6 32311.6 28257 29608.8 24263.4
92600 37230.4 31787 28567.8 24474.4 22187.4
92700 37125.8 34541.4 27898.8 24397.4 23122.6
92800 37008.8 32293 27820 24119.6 22098.4
92900 38043.6 31817 27654.4 25248.2 23110.2
93000 37508.4 32480.2 28572.4 23888.8 23970
93100 35916 34054 26707.8 25685.6 22193.2
93200 37481.2 33291.2 28233.4 24692.8 24746.4
93300 38250.6 33188.4 29352.2 24553.6 23573.6
93400 37431.2 34440.6 26412.8 24321.4 25765.8
93500 37810.6 33104.8 28897.4 24097.6 25184.8
93600 37323.4 30997.6 26601.4 24439.8 22096
93700 39680.6 31648.8 27376.8 25106.8 24738.4
93800 37889.6 31362 27497.6 23898.6 22703.2
93900 39301.8 31663.8 29434.6 23391.2 23163.4
94000 39030.2 33587.4 27479.8 24234 22247.2
94100 41088.6 31831 28656.2 24140.8 23374
94200 37311 32129.4 27505.4 24271.4 23459.6
94300 39270.8 32435.4 28011.8 25634 22365
94400 40119 33267.6 28776.8 25444.6 22975.6
94500 38431.4 33127.2 27878.8 23956.4 24269.4
94600 37496.2 31497.2 25363 28477.2 22637.8
94700 39271.6 30138.8 26510.4 22979.2 21963
94800 37405.8 34491 26571.2 22587.8 21232.6
94900 35935.8 33021.2 26575.4 23721.4 22689
95000 37771.6 33372.4 25387 23403.6 24706.2
95100 38825.6 31188.2 31849.4 25153.4 21334
95200 73281.4 31786.2 28784.4 28817 24757.6
95300 40081.8 36061.2 30415.4 25198 23875.2
95400 40580.2 31373.6 26412.6 27157 23515.4
95500 37876.2 30428.2 26676.4 22982.2 21943.4
95600 38418.4 32510 28666.8 23178.4 20994.8
95700 35503.4 31070 27579.4 23448.6 20437.4
95800 38308 31313.2 26140.6 21970.6 20856.2
95900 39670.8 30845.2 28896.8 24250 25824.2
96000 39543.4 35765 38585.4 31142 26656.8
96100 42998.4 33550 30312 27330 23631.4
96200 42773 35715 29837.4 27235.4 25155
96300 44724.6 35060.6 31148 27464.6 24613.4
96400 41251 36219 29730.2 27712 26196.2
96500 43934.2 35788.4 29399.2 35218.4 25040
96600 41963 35875.6 30570 29028.2 25667.2
96700 42134.2 35265.4 29683 26724.2 27182.8
96800 43435.6 37298.8 28599.2 27036 24656.4
96900 40189.2 34428 30883.4 26930 25231
97000 42020.6 35323.6 28586.2 25648.8 26589.8
97100 46384 37082.6 31221 28069 25852.8
97200 42105.8 36327.4 30099 28321.4 24831
97300 42109.4 36819.6 29568 25666.6 25545.4
97400 43401.8 36218.8 31440.2 28811.6 23578.2
97500 41435.8 34859 30974.6 27593.6 25346.8
97600 43402.6 35748 28660.6 27206 25039.8
97700 45051.4 35730.8 30478.4 29045 26656.8
97800 41186.6 32915.8 29320.4 26136.8 25220.8
97900 43771 38439.6 30035.6 26500.4 24522
98000 46705 36066.4 30648 25616.6 22263.4
98100 52087.2 46996.8 34795.2 31472 34519.6
98200 45408.2 32573.8 34540.4 26572.6 22378.6
98300 44107.8 40122.4 32865.6 30911 26525.6
98400 38214.8 34507 35296.4 25282.4 23207.4
98500 43014.8 50827.4 38167.6 29556.6 24807.6
98600 44507.4 35772.4 30613.8 32657.8 28382.6
98700 47520.6 39648.6 28195.8 29107.2 30764.2
98800 43576.2 35330.4 28747.2 24839.2 24228.4
98900 42295 33388.6 27516.8 26399.8 24026
99000 39596.8 34522.2 29892.8 27226.4 25263
99100 42894 34069 28691 26783.6 25261.2
99200 41740 32414.4 27686.8 26601.2 26646.8
99300 38659.4 34607.6 28675.4 29889 23349
99400 42262.6 34669 30332.8 29060.4 26483
99500 43041 31421.4 28339.6 26728.4 24251.4
99600 39276 37884.6 30274.6 26627.2 25540.6
99700 37787.8 32567.8 29674 27242.2 24664.6
99800 38770.2 35480.8 28091.4 23525.6 23904.4
99900 40304.4 35222.6 31506.8 23807.6 23885.6
100000 40039.4 34354.6 27915.2 27270.8 27173.4
