500 185.8 223.6 166 162.8 188.4
600 215.2 183.6 195.2 196.2 329
700 268.4 240 170.2 189.2 399.8
800 299.4 255.2 245 314 363.2
900 355.8 299.4 289 336.2 304
1000 1156.6 453.6 356.4 339.2 304.4
1100 473.6 342.2 321.2 394.8 328.4
1200 470.8 449.6 439.4 324.2 402.2
1300 438.6 400.6 402.8 377 511.6
1400 605.2 485.4 440.6 652.4 909.6
1500 646.4 494.2 463.6 581.2 636.8
1600 500 442.2 409.6 476.8 647.6
1700 617 666 428.4 496.6 505.2
1800 579.8 497.6 562.6 509.8 515.4
1900 651.2 588.2 560.6 628.8 642.8
2000 748 651.6 616 659.6 711.6
2100 616.2 584.4 607.2 667.4 749.8
2200 799 660.8 833.4 827.6 950.8
2300 899.4 811.6 687.8 696 1053.6
2400 882.6 662.6 860 927.8 1264
2500 950.8 804.4 725.2 751.6 1113.2
2600 989.2 900 945.8 1013.4 1119.4
2700 1109 1114.6 1083 1223.4 1037.4
2800 974.4 928.8 994 1193 1026.8
2900 1136.2 990.8 939.6 965.8 1497.4
3000 1106.2 1026.4 795.8 906.2 1474.8
3100 1593.2 1164.8 1284.8 1352.2 1658
3200 1196.4 1061.6 996.6 1172.8 1682.6
3300 1330.8 2445.6 991 1380 1394.6
3400 1155.4 1220.8 1204 1454.8 1145.2
3500 1293.4 1295 1322.2 1337 1319
3600 1309.8 1142.8 1232.6 1131.2 1258.6
3700 1216.8 1038.2 1090.4 1287.6 1301.8
3800 1391.4 1338.8 1215.2 1257.6 1517
3900 1442 1826 1097.2 1283.6 1421.4
4000 1543.4 1418.4 1163 1355 1772.2
4100 1785.2 1349.6 1259.4 1260 1833.4
4200 1392.6 1182.4 1353.8 1350.4 1543
4300 1413.2 1901.2 1377 1235.4 1518
4400 1649.2 1373.2 1464.2 1549.2 1716
4500 1585.2 1607.4 1508 1483 1970.2
4600 1650.8 1293.2 1456.6 1564.2 1801.6
4700 1687.4 1509.2 1527.6 1519 1819.6
4800 1835.2 1707.8 1632 1593.8 2790.8
4900 1994.2 1591.8 1680 1609.6 1946
5000 1601.8 1793.6 1890.4 1716.2 1980.2
5100 1653 1606 1615.8 1665 2012.4
5200 1906.6 2119.4 1628 1722 1994.8
5300 1938.8 1847 2127.2 2051.4 2812
5400 1844.2 1827.6 1631.2 1730 2347.6
5500 2375.4 1743.4 1783.4 1982.4 2434.8
5600 2198.2 2030.8 1685.6 1786.4 2351.2
5700 2159.8 2013.8 1710 2456.6 2345.8
5800 2799.6 2511 2154.6 1872.6 2357.2
5900 2567 2199.8 1855.2 2045.8 2816.2
6000 4649 2166 2570.2 2394.6 3174.6
6100 2185.2 2336.6 2219.4 2804.6 3234.2
6200 2396.6 2547.8 2526.8 2224.8 2838.6
6300 2444.2 2183.4 2257.6 2349 3062
6400 2429.8 2237.2 2026.6 2312 2905.6
6500 3051.8 2096.6 1981.8 2268.4 2514.4
6600 2422.4 2836.2 2227 2216.8 2352
6700 3100.2 2672.8 2164.8 2299.6 2889.8
6800 2511 2192.6 2246.4 2629.2 2365.2
6900 3092.2 2203.4 2195.6 2930.6 2551.2
7000 2803.2 2447.4 2362.8 2368.2 2535.4
7100 2573.2 2347.2 2966.2 2513.2 2521.8
7200 2835 2858 2504.6 2957.4 2612
7300 2739.2 3063.2 2937.2 3068.8 2559
7400 2750.2 3511.4 3051 4002 3711.6
7500 2840 2631.6 2802.8 3204.4 2645.2
7600 2710.8 2679 2551.2 2866.4 2852.8
7700 2837 3152.4 2399.6 2750.4 2943.8
7800 3310.8 2495.6 2657 2781.2 3322.6
7900 3275.4 2504.8 2499 3034.8 3587.6
8000 3274 3174.6 3273.4 2787 3935.8
8100 3068.2 3834.8 2735 2858.8 3491.8
8200 4786.2 2651.2 3425.6 4195.2 3865.6
8300 3717.4 3040.6 2634.4 3521.2 4548.2
8400 3489.6 3496 3110.6 3437.2 8359.4
8500 3374.4 4489.6 2981.6 3199.6 3479.8
8600 3424.6 3950.4 3852.4 2957.2 4401
8700 3608.2 3667.2 3738.6 3564.2 4299.4
8800 3609.4 3791 3517.4 3170 4158.2
8900 3717.4 3439.2 3316.8 3453.8 4062
9000 3932 3093.8 3099.2 3428 3963.8
9100 3438.8 4120.6 3624.4 3589 4557
9200 4992.8 4363.2 4240.2 4282.6 4375.8
9300 4082.8 5227 4706 3828 4790.8
9400 5376.8 3150 3302.2 3464.6 3799.4
9500 3409.2 3149.6 4023.6 3817.6 4519.2
9600 3621.8 3433.2 3992.2 3287.2 4370.4
9700 4019.2 3545.4 3535.4 3919.4 4251.2
9800 3782.8 3651.6 3969.2 3434.8 4295.2
9900 3779 4101.2 3407.2 3702.4 3927.8
10000 3837 4164.4 3300.4 4053 6367.2
10100 3823.4 3712.2 3830.2 3978.6 5233.8
10200 4011.6 3309.4 4013.6 3581.8 4174.4
10300 4237.6 3816.6 4637 3759.2 4351.8
10400 3863 4273.2 4134.4 3629.6 4612
10500 3856.4 4174 3714.8 3900.8 5355.4
10600 4053.2 4073.6 3912 3869.4 5248.2
10700 4287.8 4222.2 4691.2 4406.6 5530.6
10800 5309.2 4096.2 3517.2 3755 5059.4
10900 4718.2 4009 4598.6 5057.4 5240
11000 5077 4426.4 3916.4 5061.2 5361.6
11100 5532.6 4961.8 4380 4353.6 4921.6
11200 5878.6 4017.4 3994 4105.4 6056.2
11300 4235.6 4486 3908 4271.2 6055.2
11400 4400.6 4392 3957.6 4058.4 4808.8
11500 5294.6 4485.4 3711.2 5305.4 5637.8
11600 4888 4368.4 3853.2 5575.6 5527.4
11700 4873.8 4366.8 5072 4731.2 5183.6
11800 4503 4403.4 3983.2 4577 5563
11900 5525.4 4808.8 4551.2 4970.6 5276.2
12000 5155.4 4172.2 4378 4657.6 5745.2
12100 5759.8 4997.8 4505.4 4859.6 6506
12200 5648.2 4594 4202 5486.2 5739.8
12300 7105.2 5934.6 4956 5249.2 6649.2
12400 5778.2 4844.6 4562.2 5808 6643.6
12500 6571.6 5480 5335.6 5938.2 7803
12600 6046.4 5526.4 5554.8 5681.4 7446
12700 5332.8 5191.2 4720.2 7378.8 6974.6
12800 5614.6 5018.6 5507.4 10379.8 8631.4
12900 7085.4 8288 5695.8 6581.2 10555.8
13000 8684.8 5376.6 5600.6 8858 7287
13100 7718.2 6049 5812.8 5150 5518.4
13200 6287.6 5594.4 5259.6 6062.6 5478.4
13300 5650.2 5817.2 5526 6707.8 6370
13400 6594.8 5711 5978.4 6274.6 6133.4
13500 5645.6 5851.6 5432.2 5325 5457.2
13600 6656.8 5381.8 5796.6 6509 5994.4
13700 7074.2 5318.2 5838 5703.8 5726.4
13800 6414.4 5782.2 6005 6347.2 6108.4
13900 6523.6 5960.2 6982.2 7906.2 6197
14000 6646.2 5728.4 5969 6180 7095.8
14100 6778.2 5575.8 5227.6 6385.8 5726
14200 8124.4 6168 6047.4 6715 6741.8
14300 6640.2 5910 5839.6 7380.8 7326.8
14400 8998.8 8802.6 8462.6 8359 6876.8
14500 7426.8 6923.2 6431.2 6426 6976.4
14600 6991.2 6200.6 5799.8 7114.8 7034.8
14700 7597.2 6494.8 7184 8494 7483.6
14800 7226 6568 6101.8 8166.6 7652
14900 10010 7620.6 7859 10780.4 9239.4
15000 7622.4 5991.8 6275.4 7058 6547
15100 8147 6793.6 6130 6782.4 6680.4
15200 6252.8 6507 5797.4 6640 7660.4
15300 7260 6538.4 6428.4 7102 7392.8
15400 6901.8 7038.6 5649.2 7181.6 9331.6
15500 8148.8 7082.4 6031 7222 7677
15600 6821.2 6101.2 6175.2 6035 6524.8
15700 6859.4 6612.2 5912 6247.4 7068
15800 6849.4 6235 6862.2 6142.8 6644.4
15900 7351.4 6101.8 5948 6763.4 6671
16000 6864.4 6789 5855.2 6011.6 6957.2
16100 7486.6 6714.2 6684.2 7024 8585.8
16200 6644.4 5942.6 5817.4 6221.8 8196.4
16300 7076.8 7233.8 7701.4 5986.6 8319
16400 7432 6702.6 6500.2 7241.2 7630.2
16500 6726.4 5921 8082.6 7927.2 7098
16600 7890 6855.8 6888.8 6670.8 7129.6
16700 8270 7072.8 6928 7523.4 8443.6
16800 7818.2 6555.2 6958.4 6833.8 7751.8
16900 7534 7200.4 8101.8 6868.6 7655
17000 8419.6 7125.2 6887.8 6089 7303.8
17100 7510.6 6470.6 8611.4 7263.6 7638.6
17200 8393 7024.2 6920.4 6669.6 8042.6
17300 8572.2 9938 7187.8 7294 9537.4
17400 10458.4 7410.4 7526.2 7927.8 9546.8
17500 8406 8365.8 9937.8 8176.4 11251.4
17600 10317.8 8603 8447.4 10783 16024.2
17700 9354.6 12438.6 9947.6 8172.8 8813.4
17800 7731 8174.2 9189.4 11373.6 11173.8
17900 7021.6 6852 8132 6392.2 11154.4
18000 9063.8 7970 6296.4 6984.2 7567.8
18100 7594.8 6824.2 6933 7759.2 8297
18200 7504.8 7357.8 7211.2 6858 8298.4
18300 7693.4 7112.8 7136.8 7477.6 7917.8
18400 7408.2 7290.6 7532.2 7333.4 7769.4
18500 8095.6 7319.8 6958.8 8214.4 26309
18600 7470.6 7801.4 7542 7443.8 8679
18700 9549 7534 9832.4 7137.4 8950.6
18800 7822.8 7136.8 6819.6 6772.4 9381
18900 7800.8 7130.8 6758.6 8247.2 8422
19000 7464.2 7340.4 7642.8 7350.2 8736
19100 7600.6 7051.2 7311.4 8705 8799.4
19200 9552.4 8927.6 8842 9920 11062.6
19300 7845.2 8434.6 8173.4 8304.6 9639
19400 8876.2 7085.4 7541.8 7003.2 9081.6
19500 8263.8 8362.2 8003.8 7233.6 10241.6
19600 8973.6 7312 7429.4 8123.2 9800.6
19700 7951.4 7109.2 6993 7384.2 9170.2
19800 7982.6 8548.6 7873 7167.6 8921.2
19900 9145.2 7506.6 7827.8 7997.8 9525.6
20000 8288.6 7590.4 7651.4 7564.8 8962.4
20100 7850 7005.4 8492.2 8554 9687.6
20200 7973.6 7605.8 7808.8 8399.2 10162.6
20300 8454.2 6992 8404.2 8437 10463.4
20400 8518.4 7777.2 8206.4 7582.6 9151.2
20500 7564.4 7186.2 9259.4 8016 9210.4
20600 8243.2 8263.4 8031.2 7963.8 9600.4
20700 9058.4 8562.2 7545.2 8014.6 8954.8
20800 8063.2 7454.2 8208.6 9100.2 10416
20900 7818.4 7639.4 8201.4 8985.8 9845.6
21000 8439.4 7664.8 8177.8 8735.2 9821.2
21100 8261.6 7931.8 8079.6 8625.2 9858.2
21200 9442 7917 7853.6 8323.4 9819.4
21300 8577.8 7938.4 8193.4 7750 9738.8
21400 8879.6 8092.4 8213.8 8723.2 9993
21500 9649 8654.4 7605.4 9381.4 9948
21600 10292.8 8796 7876.4 8130.4 10254
21700 9779.2 8684.4 8432.4 9035 10345
21800 9683.4 8792.8 9466 8915.2 11224.8
21900 23000 17627.2 11120.6 10884 10489
22000 11431.8 8641.6 16355.2 8671.8 14828.6
22100 11715.4 13143.8 9210.6 17119.4 11216.8
22200 15788.8 11559.2 14043.4 11370.6 12942.8
22300 11394.2 10519.2 12724.6 9944.8 15459.6
22400 13049.8 9767.6 8344.6 10948.2 11766.2
22500 15122.8 10515 9239.6 11443.4 13293.2
22600 11009.2 10747 14895.8 14814.8 13986
22700 11436.6 10602.2 10632.4 10049.8 12873.6
22800 12321 11274.4 11240.6 11828.2 13481.2
22900 11383 10600.6 11211 11208.8 13110.2
23000 11254.6 10775 9938.8 11289.4 12927.8
23100 14568.6 10570.6 10626.4 10144.6 13916.8
23200 11987 10458.6 9862 10251.6 12856.8
23300 11551.6 11803.6 9300 10782.8 13168.6
23400 11123 13511.2 10373.8 9983 12142
23500 11793.2 9863.2 10524.8 10763.4 13366.2
23600 11533.2 10959.6 10870.2 10832.4 14533.8
23700 11942.2 10611.4 9204.6 9955.4 13505.6
23800 12178.4 11401.6 9695.2 14285.6 12139.6
23900 11391.8 9565.8 10714.6 12621.4 13448.4
24000 10939.4 10548.2 10408.8 10143.2 11956.8
24100 11020 9499.4 10193.2 9654.4 13215.2
24200 11962.2 9425.2 9789 10033.6 12930
24300 10857.8 10512.2 10058.8 13188.2 14783.8
24400 12233.6 11116 11221.4 11849.8 14000
24500 12385 11094 9550.4 9800.8 14168.6
24600 11043.6 11081.6 10276.2 10053.6 14061.2
24700 11960.4 11854.4 11742.2 14007.6 14409
24800 22047.6 14881.4 13570.2 14218 16687.2
24900 13287 11668.8 11629 11690.6 17942.4
25000 12681.6 12107 13484 13863 16301.2
25100 13797.2 11475 10857.4 11252.4 16272.2
25200 12622.6 12493.8 11392.2 11949.4 15897.2
25300 14211.8 11513 10902.4 13359 14637
25400 11736.8 13455.6 10259 12232 13387
25500 12226.4 11652.2 11776 12344.2 14299.6
25600 12914 12261.8 11989.8 13660.6 15291.4
25700 12385.2 11271.2 11355.4 12235.6 13010.6
25800 12437 13306.2 11173.6 12603 13679.2
25900 12939 11200 10603.2 11315.8 12197.4
26000 12626.6 12475.2 11126 11622.8 12878.6
26100 12093.6 12045.4 11045.4 11240.6 12442.2
26200 13457.6 10590.4 10149.8 12230.2 12224.2
26300 13097 11782.8 10155.8 11659 13270.6
26400 12521.6 11620.2 10847.8 13805.2 12185.2
26500 13508.2 10180.2 10803 10980.8 11275
26600 14802.2 11474 13979.8 12689.4 12063
26700 12889 11500.4 10995.2 11640.6 12503
26800 15599 11611.8 11895.4 13505.2 13662
26900 13694 12125.8 12712.2 11707.6 13639.4
27000 12763.6 11601.8 10864 12636.6 12566.6
27100 14075.6 12888 12853.2 13316 12095.4
27200 13579.4 12616.4 10711.4 13420.6 13554.2
27300 14010.8 12135.4 12133.4 12225.8 12908.4
27400 13632.8 11605.2 11230.4 12859.6 13297.2
27500 14000.2 10858.4 11714.6 13771.2 12854.8
27600 13886.8 12402.6 11947.4 13376.6 14136.8
27700 13193.4 13081 11448.4 12317.2 11946.4
27800 13819.8 11979.4 10573.4 13947.4 14630.6
27900 13540.2 13094.2 11986.2 12610 13502.6
28000 14641.8 11452.2 11929 13866.2 12177.6
28100 15278.4 13334.6 12637.6 11712 13625.2
28200 15213.8 11800.2 11632.2 13507.8 14157.8
28300 13590.4 13823.2 11646 12792.2 13209
28400 13566.8 12898.8 13029 13763.8 12960.6
28500 14495.8 12316.2 12348.8 12647.8 12042
28600 12986 13139.6 12080.2 12883.2 14575.2
28700 14096.8 12200.2 13276.6 13273.6 14548.4
28800 13520.2 13133.2 11823 13772.2 13451
28900 13491 12070.2 12136.2 13839.4 13828
29000 15364.6 13040 11433.8 13820.6 14168.4
29100 14272.4 11808.8 12801 14096 12577
29200 13951 12757.8 11533.6 14549.6 14446.6
29300 14559 11912.4 12093.8 12639.6 13277.6
29400 14694.4 12064.8 11755.8 14318.8 13519.6
29500 13977.8 15253.2 15661.6 26530 13732.4
29600 14174 14784.4 12951.6 15088.2 17180.8
29700 15806.6 14962.8 12922 14040 14609.8
29800 16368.2 12421.4 12875.2 14080 13963.8
29900 14123 12595 13018 14545.2 15784.2
30000 14922.2 13167.6 14570.8 14502.8 13201.8
30100 13316 13171 12039.8 13770.2 16368
30200 14594.2 13123 11863.8 14057 15570
30300 13999.2 12873.6 12790 14510.8 13292.8
30400 14974.2 12358.4 12858.6 15802.4 14477
30500 15833.8 12849.8 12374 14082.4 15091.8
30600 14068.6 13431.2 12148 13939.6 17006.6
30700 15743.4 12260.2 14077.4 13347.6 15037.6
30800 14980 13414 13954.4 13088.6 16003.2
30900 13992.2 14615.2 14049.8 14229.6 13854.8
31000 14130.6 13697.8 13771.8 12853.2 15249.2
31100 14821.4 14061.4 13721.8 14773 14743.6
31200 15867.8 13081.2 13945 15727.2 15232.2
31300 14824.4 13671.4 13239.8 13325.2 15476.2
31400 15239.2 13616.4 13735.6 13763 14940.4
31500 15110.8 15368.6 12946.8 15497.8 14573.8
31600 14765 13713.6 12821.2 13770.4 15293.6
31700 15807.6 14018.8 12441 12872.4 14150.8
31800 14283.2 13938.4 13270.6 13929.6 16249.8
31900 16912.2 13142 14001 13293.2 15107.6
32000 14927.4 15571.6 13279 13658.4 15583
32100 15571 13365.6 12657.2 13276.2 15610.4
32200 14521 13639.2 14420.6 14581 17501.4
32300 15655.2 14735 13951 15333.6 18286.4
32400 16710 14715.4 15135.2 14561.6 17077
32500 16006.2 15482.6 14224.4 13331.4 15266.2
32600 14248.6 17943.8 18162 15233.4 19222.2
32700 15776.6 14507.6 15051.6 15889.8 17900
32800 15173.6 13715 13730.4 13489 16804.2
32900 16108.2 14559.4 14838.4 15097.2 18493.8
33000 15318.6 14594.2 13925.4 13308.8 25355.2
33100 16297 15446.6 23246.2 25628.6 22839.4
33200 13898.8 13752 14192.6 14451.4 15865.2
33300 14056 21269 14169.6 15897.8 18862.8
33400 34506.6 14500.6 15772.8 15028.6 15970.8
33500 51792.2 18056 16848.8 15574 16504.4
33600 17132.6 16095 15681.4 15078.6 18014.4
33700 18790.4 19080.2 17528 15405.2 19092.4
33800 25867 22597.6 17501.2 17246.4 30501.4
33900 17054.6 15389 18258.8 22676.6 17740.4
34000 15446 21851.2 21431.4 18686.2 24432
34100 21279 14239.6 16775.6 28497.2 28453.4
34200 18438.6 26213 15950.6 15203.4 16106.4
34300 15583 14139 14907 14997.6 16237.2
34400 14929.2 14306.2 14458.4 13535.6 15821
34500 14974.6 13694.4 14920.6 15665.6 21331.4
34600 18701.8 14917 14528.6 14955.8 18644
34700 16262.6 14082 13727.8 13905.4 18253.2
34800 17056.4 14539 13867.6 14271 20134.6
34900 16404 14829.6 16066.4 15411.4 17801
35000 16680.6 14603.2 15579.4 15236.8 17878.2
35100 15547.2 13835.2 15779.4 14902.8 17675.8
35200 17523.8 16998.2 19045 15205 17494.4
35300 16294 15121.8 14151.6 16545.4 16049.4
35400 15630.2 15217.2 14387.2 14588.4 16374.4
35500 17704.2 15340.8 16242.2 14657 19555
35600 16168.2 14598.8 14873.8 15736.6 18201.4
35700 17392.8 14140.8 16153.8 15156.2 17106
35800 15714 14009.2 16064.4 15490.4 19259.4
35900 16980.6 14987.4 17445 16415.4 17902.2
36000 15919.2 15174.6 15577.4 14527.2 18123.4
36100 15690.6 14758.6 14826.8 15282.8 17937.6
36200 16492.8 13924 15281.4 14781.4 17690
36300 15880.8 13695.8 14798.6 15274.2 17472.6
36400 15370.8 14499 15275.6 14719 18376.6
36500 17115 14355 15002.8 14322.4 17983.4
36600 15537.2 14481.6 14966.6 16315.4 17482.8
36700 16095.4 15212.8 14676.4 14476.6 19360
36800 16130 14751.6 14282.4 14807.4 18091.2
36900 15522.8 14205 14750.8 15670.4 16793.4
37000 15576.2 14715 15837.4 15700.2 16972.6
37100 15923 15695.6 15777.6 14607.8 17431.6
37200 15862.4 15753 15014.8 17158.4 16608.6
37300 17288 15427 15270 14831.6 17569.4
37400 15413.2 15036.8 14610.6 16341.4 17162.6
37500 17343.8 15103.2 15064.8 15079.4 17012.8
37600 15500.6 15273 14936.6 16432.4 18082.6
37700 15851.8 14893.4 14998.2 15007 17623.4
37800 15880.2 15367.4 17253.8 16188.4 17945.4
37900 16328.8 17025.6 15806 15988.2 18904
38000 15967 15116.8 15379.4 16543 18936.6
38100 16948.2 14233.2 15400.6 15699 20052.8
38200 16714.4 16270.8 17306 16752.4 18395
38300 17050.2 14919 14953.4 15333.4 17835.4
38400 16376.2 14716.6 15859 15549.2 18115.4
38500 15913.8 14492 16014.8 14804.2 17758.8
38600 16596.8 16561.6 14849 15624.2 18823.6
38700 17215.8 14966.4 14724.6 15615 20313.6
38800 16334.6 16803 15551.2 15106 18403.8
38900 18021.4 15299.2 15295.2 15774.4 17878.8
39000 16366 15073.2 17043.8 15196.8 18224
39100 16156.6 15570 15362.2 15001.8 18494.2
39200 16334.6 15370.4 16195.2 15769.4 18628.8
39300 16731.6 16487.2 16035 15281.4 19397.8
39400 16332 16516.8 15643.2 15416.6 18691.4
39500 16473.6 15054.6 16588 15887.4 18991.2
39600 18926.8 15857.8 17405.2 15954.8 18634.2
39700 16921 16006.2 16171.6 16135.2 18740.6
39800 16709.8 15767 15581.8 15536.4 18247
39900 16366 15523 15361.4 15534.4 19793.4
40000 17038.2 15840.8 16077.2 16916.4 18735.8
40100 16387.2 15643.2 16559.8 15999.6 18892.8
40200 16872.8 17777 16681.6 16281.4 20912.4
40300 17742.4 16058 15910 16203.4 19335
40400 17890.4 17032 17522.2 15731.4 18467.8
40500 17427.4 16023 16907.8 17475 19449.8
40600 16696.6 15897 17500 16762.6 19429.2
40700 17648 16232 18155.4 16238 20806.6
40800 16864.2 16916.4 16306.4 16412 19141
40900 18309.6 16856.6 16912.4 16752.8 21866.2
41000 16920.2 16322.6 23804.8 19373.6 22077
41100 17872.6 16697 16593.2 15984.6 23082.6
41200 18242.8 16913.2 18264 18269 20107.6
41300 20675.6 19943.4 20599.2 19604.2 26545.2
41400 22260.8 17186.2 22151.2 18392.2 25482.4
41500 27446.8 25062.8 46040 17985.2 22601
41600 21541.4 18754 25071.4 20430 21898
41700 18130.8 16550.6 18118.2 18560 21981.2
41800 18671.4 18046.2 17099 16543.4 21080.8
41900 17913 17406.4 17683 17294.2 20622
42000 20699.8 17995.4 17290.2 17957.6 22627.4
42100 19627.4 19330.8 17940 24060.6 28538
42200 20396.6 17306.4 19374.4 17021.8 20903.6
42300 18049.2 16542.8 20820.8 18463.6 21266.4
42400 19197.4 20394.2 18970 18241 22441
42500 18490.8 17323.4 17938.2 17789.4 21334.8
42600 19258.2 17308 16916.8 17802 20718.4
42700 19021 19204.6 17323.8 18332.8 23206.2
42800 18577.6 17870.2 17325.2 17542.2 21122
42900 19858.8 18183.8 18018 18982 22351.8
43000 19026 17785.4 19128.2 18727 21287.2
43100 19588.6 17593.6 17433 18332.8 21471.4
43200 19269 17406 18392.6 19133.6 21889.8
43300 20026.8 17919.4 17292.8 17539.2 21518.4
43400 21144.2 17558.8 17649 17391.6 21632
43500 19016.8 17810.6 16521.2 18145.8 21815
43600 20211.8 17585.8 17296.6 19705.2 22858.8
43700 19315 17293.2 17287 19869.4 21716
43800 19620.8 18216.6 17265.2 18883.8 23113.6
43900 19742.2 17977.2 17220.4 19443 24529.8
44000 19748.8 18173 18296.4 18031 21808.8
44100 24268 19239.8 18875.8 17832 21602.8
44200 21282.6 20967.6 17372 19918 24266.4
44300 20390.8 18358 17049.2 20470.6 22211.8
44400 20550 18590 17529.4 18703.8 22116.2
44500 19853.8 18410.6 18297.6 19863 22097.6
44600 20465 18256.2 17710.6 18175.4 23997.4
44700 19772.2 18738 17134.8 18168.4 21878.4
44800 20737 19287.2 17479.4 18045.6 22863.4
44900 19736.8 20165 17872.8 19931.8 23461.6
45000 20288.2 19692.6 18014.8 19100.2 22694.6
45100 20843.2 19921 18266.6 18505.8 22840.2
45200 20498.2 19230.2 17817.2 18168 22698
45300 21003 18762.2 17423.8 18527.2 22665.6
45400 20564.4 19985.8 17380.8 18523.2 22683
45500 20599 19653.2 20085.4 19347 23006.4
45600 20132 19572.6 18012.2 18406 23631
45700 22206.6 19686.8 18349.6 19545.6 22791.2
45800 21422.2 19553.4 17957.6 18529.4 24286.2
45900 20664 22421.2 22163 18898.6 23730.6
46000 21043 19316 18414 18837.6 23900.6
46100 20788.2 20252.2 18261.2 18707 25635
46200 20674.8 19991.4 18065.4 19612.8 22787
46300 21183.6 19848.2 19821.6 18803.8 23075
46400 21558.4 19177 19175 19022.6 23969.4
46500 21246.6 20516 19556.4 20991.2 26231
46600 20714.2 18826.4 18319.8 19091.4 23155.4
46700 21204.2 19421.6 18043.8 19137.2 23802.2
46800 21390 19502.2 19069.8 20009.2 24214.2
46900 21895.2 19328.8 19502.6 20589.2 23728.2
47000 22389.8 19973.2 20343.6 20352.6 23684.8
47100 20480.2 18528.4 18493.4 20333.6 23150.2
47200 21367.6 19658 18876.8 21090.6 28009.6
47300 21606.4 18755.6 18900.8 20731.4 23838.6
47400 22109.6 20106.2 18639.2 19991.8 24067.8
47500 22267.6 19441.8 19763.8 20106.4 24454.4
47600 22998.8 19563.6 18270.2 20893.6 25210
47700 22162.2 19331.2 19894 20878.8 23757.8
47800 22060.4 19895.6 19710.4 21610 24144
47900 22056.8 19820.2 19029.8 20693 24859.6
48000 21999 19949.2 19356.8 20733 24448.2
48100 22701.6 20198 20511 20999.6 24290.4
48200 22836 20978 19115.6 21929.2 24505.4
48300 22583.8 20346.2 19308.2 20588.2 27583
48400 22214.4 20274.2 19582.8 20531 24213.4
48500 21824 19875.2 19400.6 19458 25568.4
48600 23182.2 19915 20000.2 20548.6 24987.2
48700 23705.2 19300.2 19782 21130.6 27055.6
48800 22443.2 21807.2 18380.8 20229 26260.4
48900 21912.2 20548 19017 20165.2 28542.2
49000 23702.2 20135.4 18838.2 20202 25068.8
49100 22079.6 21328.2 19752.8 21189 25677.6
49200 23159.2 21576.6 19712.2 21982.4 27224
49300 23008.6 20087.2 20123 20603.6 25047.8
49400 22838.2 20874.4 19909.4 21270.6 26086.6
49500 22799.6 20531.4 18868.4 20201.6 25389.8
49600 22734.8 25239 19875.4 20829.6 27552.6
49700 22511.6 20226.6 19584.8 22169.8 25911.2
49800 23393 21408.8 20069.6 20587.8 28482.2
49900 23654 20298.4 19678.6 21851.4 26917.6
50000 22733 21306.4 20335.6 21176 25640.6
50100 22545 20005.8 19657.8 20522.8 25021.2
50200 23047.6 21229.2 19498 21225.4 25414.2
50300 25207.2 20372 19749 23299.6 26493.2
50400 24014.6 20504.6 20272.8 26917.4 29147.6
50500 23287.6 21584.4 20107.6 21538.4 27836.6
50600 23083.8 20655.4 20258.4 21827.2 27903.8
50700 23490 20825.8 19961.6 21622.2 26392.4
50800 23329.2 20986.6 19441.2 21916.2 27266
50900 24076.6 21647.8 20580.8 21823.6 28000.2
51000 22913 21678.6 20780.8 21951.6 26877
51100 24341.6 22847.2 20964.4 23030.6 26885.2
51200 23795.4 21095.4 20030.4 22280.4 27196.4
51300 24019 21701.6 19823.8 24476.4 29143.6
51400 24463.8 22198.6 21062.6 21651.4 27245.2
51500 23926.2 20767.6 20299.6 22778.8 25199.8
51600 23657.4 22157 20891.6 21161.6 26180.6
51700 23538.6 22532.4 20486 23199 25696.4
51800 24429.2 22312 21044.2 21871.8 25333.6
51900 35687.6 22810.2 21152.8 22410.2 24058
52000 24712.4 21090.6 21939.8 21659.2 22926.4
52100 24586 20722 20570.4 23406.8 22764
52200 23965 22079.6 21872.8 21649.2 22001
52300 24411.8 22108 21337.6 22139.6 22271.6
52400 24687.8 23182.2 19931.2 22353 21915.2
52500 25263.6 21299.2 21380.8 22232.8 21779.2
52600 24286.2 21766.4 21964 22372.4 21893.6
52700 23431.6 21471 21105.8 23255 22822.2
52800 23988.4 21962.6 21434 22995.2 22735.4
52900 24709.8 21875.2 21722.8 23719.8 21884.6
53000 24271.8 21477.2 20337.8 22797.8 22450.2
53100 23634 22653.8 20824.4 22835 22320.2
53200 24153.6 22828.2 20348.8 22247.4 23071.4
53300 25123.2 22187.8 22340.8 22836.4 23329.6
53400 24661.6 22456.8 22006 22813.8 22539.8
53500 25768.6 21736.6 21038.6 23377.4 22736.2
53600 24716.4 21560.4 21260 22190.4 22842.2
53700 24097.4 21153.4 21717 22871.2 22859.8
53800 24019 21702.2 21243.2 24462 22835.6
53900 23881.6 22667.2 22019.6 23575 24539.2
54000 24920.8 22357 21913 22677.2 24530.4
54100 24714 21695 22230.8 24718.6 22581.8
54200 23713.6 22393 22335.4 24743.8 24737
54300 25846.4 21848.8 22412.4 22797.6 23197.4
54400 25460 22671 22283.2 23554.2 23202.6
54500 26066 21988.4 21440.8 24726.2 23771.4
54600 24488.2 23299.2 22977.2 24802.6 24954.4
54700 25300.8 22776 21518.4 24298.4 24120.6
54800 24668.6 22455.8 21815.4 23864.4 23197.2
54900 24754.4 23290.6 22841 25199.6 24745
55000 25323 22335.8 22031.4 24167.6 24158.6
55100 24860.6 24056.8 23612.6 24792.8 24928.4
55200 27929 22831.8 22164.6 23620.6 23687.2
55300 25088.6 24067.2 22461.6 25212.2 24031.8
55400 25593.6 23328.2 21582.4 25000.2 23818.6
55500 26049 23754.8 21776.4 24277 24798.4
55600 24800.6 22146.8 22752.2 22880 26015.8
55700 26617.4 22598.8 21841.8 25204.4 24116.8
55800 24977.2 22571.2 22596 24442.2 23679.6
55900 25980.8 22906.2 24001.2 24392.4 25226.8
56000 26649.6 22687.4 23436.8 24983.6 25830.4
56100 25954.4 23104.2 22456.8 25694.2 24578.6
56200 27482.8 24036.4 21854.2 23962.4 25270.6
56300 25297.6 22911.2 22224.8 25451.2 25443.2
56400 25635.6 22978.8 22746.6 24879.8 25416.6
56500 26173 23687.6 25322.6 27040.8 26290.2
56600 27340.4 24503.8 22832.2 25635.4 25054.6
56700 26643.6 23660.8 22423.6 26146.2 25584
56800 26390.6 23961.6 22689 26348.6 25508.2
56900 29530.8 29308 25713.4 26208.6 27563.2
57000 26195 23321 23085.6 25488.8 25558
57100 27108.2 23489.4 22214.4 25639.4 24814.8
57200 26914.4 22956.4 23151.8 25499.6 24949
57300 26414 22746.4 22662 25011 25214.4
57400 25954.2 23932.6 23065.4 25929 25846
57500 26190.2 24057 23607 26061.2 26485.4
57600 27604.2 23107.8 24857.4 26152.6 25202
57700 25858.2 25347.4 22855.6 26404 25806
57800 27723.8 24539 22820.6 25673.6 26648.8
57900 28931.6 26226 24388.8 35480.8 46498.4
58000 33639.6 29365.2 33744 33598.8 29779.2
58100 41291.2 69306.6 24277 26836 26948.8
58200 28063 26865.4 23537.2 26983.8 26123.8
58300 26812.8 26532 24349.4 26979.2 26502.4
58400 27824.2 25871.2 24148 28936 28587.2
58500 28283.8 24464.4 24455.4 25916.6 27203
58600 26570 25695.2 25777.2 27809 28033.4
58700 27923.4 24929.6 24125 28675 28095.2
58800 29949.4 25112.6 25817.8 28864.4 27326.2
58900 28087.2 25590.8 27163 25697.6 29353.2
59000 27157.6 26525.6 25194 30371.8 27110.2
59100 27274.4 25593.4 24334.4 26821.6 26968
59200 31410 27440.4 24707.6 27228.2 27206.4
59300 29320.4 25232.4 24396 27355.8 28261.8
59400 28459.8 25477.8 24559.8 26255.4 27744
59500 28306.4 25668 24034.6 26191.4 27857.8
59600 28516 24690.8 25294 28264.6 29181.6
59700 29382.4 26915.4 24756.6 29868 29783.2
59800 31283.6 28217.2 28086.6 29931.2 27492.8
59900 28658.6 25137 25651.8 28502.4 29032.2
60000 27382 26235.8 26073.6 27511.2 34178.8
60100 31649.8 31062 33698.4 34398.8 32248.8
60200 35154.2 25649.4 30238.4 30484 37833.8
60300 38354 27000.8 32451 40258 35922.4
60400 36557.8 32470.6 30418.4 34702.4 38398.2
60500 34121.8 37129.6 26049.4 31470.4 31413.6
60600 32979.6 30653 36640.2 46403.4 33485
60700 28882.4 26745.4 27624.8 30506.6 35274.4
60800 32795.8 30293.8 31204.6 46751.8 31296
60900 34319.2 26444 32738 29333.4 39798.2
61000 37873.6 36148.6 35383.6 31605 31868.4
61100 38392.8 31714.4 27553.6 41086.8 38705.6
61200 29498.4 25570.4 28103 27740.4 27798.2
61300 27399.6 25864.8 24843.4 29341.6 27359.2
61400 29456.2 26547 26942.6 27412.2 28372.2
61500 29304.6 26202.4 26096.8 28489.4 27843.6
61600 28354.8 28070 25484.4 28871.8 27967
61700 28213.8 26415.6 25914.4 26615.6 28849.2
61800 29375.2 28066 25763.6 28565.6 29724.8
61900 30710.2 25226 25550 27654.4 28292.6
62000 30609.2 29912.4 27885.6 32664.6 29584.8
62100 29561 28754 25229.8 26904.2 28461.6
62200 31122.6 27870.2 25481.8 30160.6 29596.2
62300 29119.8 28721.6 25671.2 29459.6 30899.4
62400 28432.2 26785.4 29542.8 27734.6 40627
62500 31529.6 29679.4 27422.8 28654.4 30747
62600 31169.4 29394.4 30185.2 31242.2 29796.6
62700 39214 32887 31428.6 29824 37808.4
62800 30770.8 32211.6 26391.6 28232.6 31192
62900 30468.6 27595.8 32167 31986.4 30630.2
63000 30151.4 32774.8 27738.6 27233.2 29780.2
63100 31044.2 29454 29274.8 28405.8 40333
63200 28979 26765 29288.2 29267.6 29541.8
63300 30460 25943.6 26141.4 28721 29399
63400 29164.2 26922 27461 27509.8 29941.2
63500 29099.6 27442.8 26702.2 27398.2 30711
63600 29577.2 31240.2 28521.6 29038.2 29804.6
63700 32669.2 28626.2 28664.2 28134 32186.4
63800 31042.6 28165.2 30333.4 27528.6 29109.8
63900 31767.4 30961.2 28669.6 31314.2 34128.2
64000 31314.4 26399.2 26802.4 28389.4 32780
64100 36054.6 28757.8 32781.2 30134.6 34412
64200 32297.4 35939.8 27087.8 27970 31317.4
64300 28971.6 27705.6 26788.4 28770 31808.4
64400 31959.2 26317.4 27009.6 26616.8 28583.6
64500 30300.4 27568.2 26012.6 27391 31464.8
64600 29120.2 28443.2 28174.2 25991.2 29802.2
64700 31812.8 28703.4 27076.8 27637.2 30190.2
64800 29280.8 26020.6 27682.2 26211.8 30059
64900 29209 25823 27077.4 28093 32966.2
65000 28519.6 28111.4 26883.8 26138.2 31337.6
65100 29840.4 26779.6 27492 27374 29726.8
65200 28878.6 26322.4 27755.4 26528 29302.4
65300 28611 26917.2 26700.8 28797.6 28993.4
65400 30164.8 26480.6 27301.4 27523.4 30006.2
65500 29276.8 27910.8 27302.8 28994.6 32516.4
65600 29756.4 26290 27169.2 27278.4 30652.8
65700 28563.4 26428 27550.2 26910.6 29613.2
65800 28996.2 26510.6 26908.6 28014.6 30891.2
65900 28765.2 27788.6 27716 28507 30433.8
66000 30755.4 28908.8 35760.2 27987.6 30892
66100 36984.6 27766.6 27116.2 34856.6 33935.2
66200 31016.4 27731.4 30068 28162.6 32580
66300 29193.8 29724.6 26883.6 28601.4 32178
66400 30029.4 28827.6 27547.6 26858.6 31859.4
66500 29521.2 28177.2 27625.2 27858.4 32192.4
66600 30028.4 28188 26970.4 29095 31241
66700 31067.8 26969.8 27719.6 26821 29871
66800 31030.8 27432.8 27406.2 28218 31244
66900 29134.8 29539.4 26895.8 29056.6 31871
67000 30747.8 27390.8 30280.8 30139.6 31081.4
67100 29803 28860.6 28972.4 28856.4 32664.2
67200 29642.4 33376.4 27385.2 27327 31188.8
67300 30642.4 27546 31044 28282.8 35444
67400 61078.6 31079.2 53985.2 40018.8 40515.6
67500 35648.8 44763 32836.8 47719.2 38443.6
67600 35128.2 33148.4 32232.6 32349.6 39043.2
67700 42515.6 32932.4 32431.4 31512.2 39997.4
67800 36262 32272.6 32621.4 31687.2 38927.8
67900 34074.8 35412.8 34061 32060 38066
68000 37136.2 34069.8 35746 30366.2 33646.6
68100 32684.8 30863.2 30470.2 30054.6 33977.6
68200 34026.8 29148.2 33423.8 31986.6 36666.6
68300 33239 29654.8 32319.4 30436.2 42169.2
68400 33331.4 29982 29735.2 30213.4 33206.2
68500 31394.4 29252.2 29748.2 29943.6 36163
68600 36648 31472 33286 32786.8 35556.6
68700 35820 32062.6 29821.4 31139.8 36925.8
68800 32741 30524.4 31249.6 30390 36499.8
68900 33568.8 28524.4 31661.8 30369.4 36711.4
69000 38501 31274.2 30263.8 31031.4 35634.6
69100 48283.2 33366 35425.2 33941.4 39364.8
69200 34816 31218 31968.8 30586.8 36110
69300 36303.8 33216.8 32090 33028 41192.6
69400 35616.4 31079 30010.8 31225.6 34850.2
69500 34464.6 31341.2 33388.4 33559.8 37148.2
69600 34941.4 31504 31431.4 30757.4 38391.2
69700 34689.6 31332.2 33108 29213.6 35819.8
69800 32991.2 29754 29501.2 30317 34418
69900 31698.8 32583.4 34109.2 31379 36591.2
70000 32671.6 31152.4 29827 30257.4 35213
70100 31962.2 28664.4 37618.4 33245.6 37269.8
70200 31897.8 30023 30186.2 28627.8 34357.8
70300 33055.2 28844.8 30303 30375 40217.6
70400 32257.2 29788.8 29638.6 30687.8 33337.8
70500 32287.6 29813 29342 29753.4 33090.6
70600 32113.4 29070.6 31490 29932.4 33679.6
70700 32740.2 28994.8 29958.8 30286.2 32851.6
70800 32534 29550 31222.6 29625.2 32758.6
70900 31895.2 28855.4 30725.6 30367 36060.2
71000 33456.4 31933.8 45613.6 35218.2 35747.6
71100 36709.4 31805.6 31846.8 31909.6 35624.6
71200 30791.6 28584.2 28843.2 35500.2 34976.4
71300 40290.2 32346.6 36552.8 35057 40830.6
71400 44738 73927 40335.8 31525.4 38226.8
71500 34191.2 30009.6 30256.8 29690.2 35248.2
71600 33421.4 31006.4 30411.2 30492.2 34120.6
71700 32835.6 31702 29580.6 30103.4 34607.8
71800 32058.6 30723.4 30577.6 31409 35688
71900 50669.2 33415.6 37264 32990.4 36813.2
72000 32860.6 33730.2 30298.2 31250.4 34583.2
72100 32042.2 30900.2 30360.2 32128.8 35174.6
72200 31865.4 30550 30111.2 30821.4 34327.4
72300 34954.6 31312.2 29704.2 30779.8 34874.6
72400 33243.6 30088.4 31290 31348.4 34076.6
72500 33914.8 29787.6 32921.4 31552.2 35724.6
72600 35009.4 29246.6 31018.6 31331.6 36826.8
72700 32474.6 30100.6 30701.6 30646.6 36918.2
72800 31708.4 32805.6 32414.2 35384.8 35076
72900 33265.8 32040.4 30493.2 30965.8 34823.2
73000 35434.8 29976.4 32388.6 32149.2 36331.6
73100 33243.4 30914.6 29960.2 31891.8 35894
73200 32268.4 30053.2 30726 31487.6 37780.4
73300 33275.8 31693.6 32360.2 30614 35599.6
73400 35217.4 30564.8 47215.2 31311 36111.6
73500 36349.4 30550 33174.6 32201.6 35488.2
73600 35771.4 32304 29949.6 32377.8 38565.4
73700 37716.4 35408.4 34096.2 33157.6 38107.4
73800 33262.8 30297.6 33896 35021 35232.6
73900 36417.4 33866.6 31092.6 33485.8 36189.6
74000 43988.4 34431.2 33704.2 35572.6 42197.6
74100 36621.6 34092.4 31894.2 34791.2 37109.6
74200 42228.6 31720.8 34226 36345.4 39953.2
74300 36546.2 34437.4 42692 33195.8 39786.2
74400 33794.8 30470.2 31565.2 31530.2 35439
74500 35355.2 31131.8 31851.2 33620.6 42441.6
74600 45620.2 31680 33050.6 30565.4 37315.2
74700 36452 31318 35867.8 33103 37375.4
74800 33854.8 32810.4 34183 33629.6 36419.4
74900 34972 36418 36946.4 36730.4 37731
75000 35270.8 31669.4 31604.8 33087.6 39688.2
75100 34504.6 32133.8 31352.4 35485 39424.6
75200 33655.6 31793.8 35953.6 32509.8 36047
75300 32630.6 31208.2 31476.6 33152.2 38246.2
75400 40058.2 30254.2 31290.6 32088.8 38356.8
75500 39781.4 30225.4 31899 32904.6 37339.4
75600 35265.4 30832.4 32975 31615.6 40334.4
75700 34309.4 31981.2 33242 31996.2 38932
75800 34700.2 31646 33346 33419.6 37731.6
75900 33642.2 31827.8 32482 31597.2 37539.8
76000 35764.4 32829.4 34399.2 32918.2 38503.2
76100 34643.2 34253.4 35261.2 34775 36370.8
76200 36115.6 32297 31674.2 32172 37987
76300 35001.8 30789.6 31434.2 34387.2 38099.4
76400 34523.8 32429.4 33832 32085.8 38720
76500 35486 32732.8 33251.6 33136.8 37146.8
76600 33592.4 31659.4 32966 31773.2 36819
76700 35384.6 32195 32956.4 33525.2 39352.4
76800 34566 31347.2 33067.8 31613.6 38935.2
76900 36581.6 33341.8 35051.8 32026.8 38978.8
77000 37361.8 35102.4 34667.2 33558.8 38730.2
77100 33884.2 32689.6 32046.6 34849.6 38785.2
77200 35956 35003.2 33351.4 34673.4 38139.2
77300 35039.8 50786.2 35433.4 33954.8 38710.2
77400 35147.8 32399.4 32839.6 34667.8 38582.2
77500 37932.6 33848 32728.8 35987 38996.2
77600 38570.6 32102 33251.4 36294.8 40458.6
77700 36067.8 34724.6 33038.6 38502.4 56092.2
77800 34819.8 32358.6 32895.4 33801 37904.6
77900 36126 31509.4 32060 33863.8 40724.8
78000 34456.6 37326.4 38248.8 34332.4 39774.4
78100 37059 32846.6 38997.4 33121.4 40144.8
78200 34359.6 31965 33789.8 33126.6 42492.2
78300 35711.2 35777.4 35335.4 34666.8 40205.8
78400 36605.2 31630 34039.8 33622.8 39940.4
78500 35694.4 33087.6 34555 33312.4 38352.8
78600 34299.2 36018.6 33412.8 39178 40715.6
78700 34469.4 35282.6 35516.4 34264 40750.4
78800 39496.2 38339.8 35548 35175.4 39583.8
78900 36020.8 33857 34041.4 39605.8 46700.4
79000 43979.6 34952.2 35974 37739.6 39662.2
79100 36802.8 34212.6 39236 38562.2 45778.2
79200 35746.8 36558.2 39914.2 35119.4 43870.2
79300 38015 33287.8 34889 38037.8 46552
79400 39830.2 34343.8 40884.6 37119.2 42040.4
79500 50488.2 34763.4 36026.8 35594.2 41452.4
79600 40890.8 38349.8 38195 38150.6 53609
79700 43928.8 35714.8 34769.2 34138.2 39083
79800 39168 36159.2 35207.2 36324.6 42134.8
79900 36930.2 33051.6 36701 36240.2 41195.6
80000 34753 33913.6 34767 34130.4 39155.2
80100 36758 34855.6 35688.4 34794.4 43621.2
80200 38163.8 33954 35142.2 33635 40634
80300 35508.6 33277.4 36673.2 34806.8 40820.8
80400 34707.6 33945.2 34654.6 35035.2 40528.4
80500 35859.8 33513.6 38005.4 35818.2 42539.2
80600 35567.6 32625.6 35294 33842.4 40694.8
80700 36258.6 34433.2 34629.6 35393.4 39583.8
80800 34695.4 33065 34630.8 34016.4 41638
80900 39103.8 33137.6 41054 35670 42421
81000 37486.4 34229.8 35556.2 35218 40764.2
81100 35564.8 34199 34603 34639.6 40693
81200 35379 35080.6 35815.4 36155 40316.2
81300 34978.2 34436 35392.6 34341.2 44927
81400 35194.6 33670.6 34809.4 34706.2 39368.6
81500 35888.6 35895.4 35278.6 37536 46203.8
81600 53089.8 40465.2 52526.2 47964.4 46761.2
81700 35853.8 52334.6 57954 46240.8 63315
81800 48756.4 37773.6 42588.8 52601.4 51659
81900 40707 36434.2 45399.8 40650.6 46240.8
82000 39911 41077.6 38648.4 42977.4 47340.6
82100 46176 43393.8 46472.6 40411.4 48010.4
82200 40478.2 38222.8 40713.6 39143.4 48615.4
82300 41692.4 38415.8 41527 39368.8 42806
82400 56948.8 41980.8 46013 49173 54550
82500 64278.8 45579.2 43030.6 48027 47290
82600 55786.4 40962.4 36928.6 39973.6 50488.6
82700 67287.8 39216 38980.2 37604.4 44766.4
82800 40514.8 40256.6 39714.4 40986.2 44128.2
82900 42419.6 37357 38951.4 38411.6 44769.4
83000 37718.2 41346 38722.4 35781 43824.8
83100 40632.6 35992 35662 37951.4 44426
83200 38546.2 37311.6 43363.8 39568 41922.6
83300 37574.6 34719.8 38221.4 36702.4 42641.4
83400 38021 35272.6 36572 37242.4 44234
83500 38153.2 39584.4 35726.8 38561.8 46468.6
83600 41925.4 36342.8 36643.6 36537 45349.4
83700 36851 34737.4 36699.2 37199.4 43683.2
83800 38539.8 36694.2 37145.2 38209.6 43062
83900 39688.6 34727 35965.4 36171 41559.8
84000 39390.6 36557.8 35690.8 38180.6 45404.6
84100 39616.6 36015.2 38266.4 36579.4 43011
84200 38963 36518.8 35387.2 38228.6 43638.4
84300 37443.6 37438.8 34244.6 37790.2 46245
84400 37999 36089.2 38993.4 37541.2 44704.6
84500 41177.2 37560.2 36301.8 38915.4 44453
84600 39404 36333 35676 37545.8 46349.6
84700 43319.4 36405.8 40255.6 40291 46150.4
84800 40544.8 39755.6 37829.6 37328.4 47560.4
84900 41562 37738 37525.4 36754.4 45729.2
85000 38996.2 38085.8 35687.6 38639.4 43378.8
85100 41962.8 37457.8 40314.8 40008 47384.8
85200 39319 36147 36426.4 40868.2 45882.4
85300 44222.2 36521.6 41028.6 40080.2 47623.6
85400 39940.8 36052.6 36965.4 39021.4 42792.6
85500 40026.4 38312.6 35463.4 40035.4 44419
85600 38982.2 36517.8 36479.8 36169.8 44684.6
85700 40385.2 35628.4 35786.2 36378.8 42340.6
85800 38540.8 38512 36461.4 36870.6 43990.2
85900 38447.6 35827 37175 38450.8 43635.8
86000 38725.2 37113.8 34976.6 36978 45392
86100 39878.2 36243 34672.4 37687.6 43083.8
86200 39312.2 38325.4 35414.6 36704.6 43748.4
86300 37533.6 37361.4 35482.2 36304.8 43560.8
86400 47095.6 46991.4 36876.4 37997.8 43524.4
86500 40918.4 36758.2 34766.2 37066.4 44219.6
86600 42852.2 37762.6 36142.6 37472.4 44328.8
86700 39623.2 37383.4 35311.8 36704 43640.8
86800 39153 36198 35387.4 37072.8 46622.6
86900 41230.8 37197 37061.2 39229.2 44869.2
87000 39438 37034.2 36494.8 38102.6 43865.8
87100 40742.4 36586.2 36645.8 39000 45608.4
87200 41274 37509.4 37306.8 41243.4 45942.8
87300 40841.2 36983.2 36763.2 36812.4 44433.2
87400 39597.8 37288.6 35177.8 37416.2 43624.6
87500 41202 37130 37552.6 38222.8 46311
87600 41145.4 41863.6 37919 39635.8 47293.8
87700 43693.8 40389.8 38581.6 39663 46713.6
87800 46400.2 38265.2 36361 38395.4 44802.2
87900 39927.6 36679.6 36147.6 39649.4 51399
88000 41405.6 45012.2 39861.6 42614.8 45185
88100 40552.6 38112.2 39852.8 38447.8 61472.4
88200 47458.8 45522.8 40929.4 63021.6 74040.8
88300 41627.6 39053.8 37933 44297 46257.4
88400 42290.4 39648 37747.8 39491.8 49054.4
88500 51409.4 44571 44029.2 42883.6 59529.6
88600 57925.6 48374.4 50264.2 44768 58055.4
88700 48549 44682.4 55173 48239.4 53011.2
88800 48972.2 46134.8 41967.8 43560.8 52521.8
88900 46152.4 47589 44431.4 42929.8 49483.6
89000 48211.6 44479.2 43783.4 44562.4 52700.8
89100 47830.4 43768.2 49193.2 43281 54414.2
89200 55662.4 44076.6 41232.2 44183.6 57064.8
89300 46494 50977.4 44725 54070.4 73496
89400 58101.6 48540 43875 45657.6 56330.2
89500 49693 47822.4 43042.8 44885 56443.4
89600 47724.2 47495.6 41610.4 46948.8 56478.4
89700 47789.4 44357 42993.2 47713.6 55049.2
89800 50343.8 54734.2 50563.4 46730.2 53799
89900 48904.6 44984.4 42546.4 44081.4 52054.4
90000 46654.2 44907.6 40209.4 44119.6 52188
90100 47744.4 47400.8 41826.8 43002.6 51166.2
90200 47224.8 43349 41788.6 42507.6 53122.4
90300 47583.4 44163.6 41827.6 47401.2 51658.2
90400 47126.8 42674 44275.4 44032 52634.2
90500 48709.8 43161 40481.4 44048 53410.6
90600 48134.8 43456.4 41541.6 43441.2 52741.6
90700 46852.4 42876 41652.2 44441 53370.4
90800 46533.6 43709.6 47112.2 42517.2 54109
90900 46729.4 45255.6 39694 43321.6 51476.4
91000 46761.2 45724.6 42970.6 42932 54608.4
91100 47687.8 43505.8 41647.4 50051.4 57880.4
91200 48225.6 44200.4 40897.2 43491.6 54285.6
91300 45988.4 44438.6 43281.4 42707.4 51671.2
91400 47785.2 43620.8 41575.4 43162 56461
91500 47600.8 43123.6 42277 45905.6 53516
91600 51137.2 43483 44840 53552.2 52481.6
91700 48135.8 46663.8 40603 42956.6 54085
91800 46930.6 46763.4 40484.2 44394.6 57737.2
91900 48139.4 44574.4 42529.8 45696.4 50658.8
92000 47865.6 44335 43275 45145.6 51759
92100 46499.8 43197.4 42070 43755 55106.8
92200 49673.8 44163.2 42887.4 42973.8 52255.6
92300 46041.6 44263.6 40677.2 43487.2 52430
92400 49568.4 45870.2 41058 44112.6 52752.4
92500 54830.4 44511 42749.4 48806.8 55933.6
92600 48844.6 45173.6 41811.4 45618.6 52437.6
92700 48330.2 45350.6 44034 43748.2 53557.8
92800 49292.8 47025.6 43390 44785.6 53455.6
92900 48116.4 44877 41518.4 43493 54421.4
93000 51698 44546 44120.6 45157.6 52581.8
93100 49679.2 47069 42941.2 46367.6 56690.2
93200 47339.8 44846.8 42619.2 45012.4 55939.6
93300 49805.8 44852.8 43024 46826.6 58694
93400 48818.4 44409.2 42759.6 46071.8 53485.6
93500 47284 43932.2 43292.4 44133.2 53888.4
93600 48116.8 45103 42033 45114.6 55224.2
93700 48826.2 44667.8 42843.8 44844 55609.6
93800 49106 43246 43534.2 46812.8 55394.4
93900 49090 45368.8 42842.8 45012.8 54481.6
94000 49489 43390.8 41787.4 44588.4 55257.6
94100 47007.6 44319.6 43653.4 45401.6 55352.6
94200 47568.2 44568.8 42582.8 43862.8 56820.8
94300 47976.8 44227.8 41018.8 44749.4 55894.6
94400 50099.4 44162 41152.4 44929.4 55384
94500 47233 46088.8 42448 47287 56295.6
94600 52319.6 43882.8 39889 43578 66327.8
94700 48274.6 45489.4 41647 44487 50619.2
94800 47468.8 41696.2 42389 42703.4 51652.4
94900 45336.6 41743.2 40125.2 42944.4 53427.4
95000 47754.2 44714.6 43114.4 45307 54711.6
95100 50108.4 42122 45739.2 55138.4 52737
95200 46930.8 48448.8 45778.2 66899.4 57710.6
95300 46903 44046.4 40747.6 44880.8 55237.4
95400 48938.8 44499.4 39819.2 48709.2 55005
95500 49747 46027.6 42209 43110.6 53171.8
95600 49941.2 43120.2 43610.6 46756.4 53468.6
95700 46247.6 42239 40260 42134.8 52425.6
95800 47288.2 42788.6 39852.6 44576.2 51482.8
95900 46513.6 44933.8 43301 44245.8 65291.8
96000 54063.8 48687.2 45896.8 62522.2 76931.8
96100 59085.4 47448.8 47554.6 49499.8 58739.2
96200 54423.6 47974 47350.4 47669.6 64011.8
96300 54977 47768.2 45894.4 48423.4 58736.2
96400 54863.6 52060.2 45714.8 49757 59450
96500 51909.6 48009 46556.4 49519.8 87545.6
96600 51007.6 49443 46228.6 52646.2 63016.6
96700 52284.2 46832.4 49796.4 49716.2 62006.6
96800 55299.4 50622 48040.2 48990 61438.8
96900 55372.8 48713.6 46793.4 51029 60388.8
97000 53596.4 48103.4 46204.4 50391.6 65338.6
97100 53378.8 48191.8 48013.8 50469.6 57167.6
97200 53815.4 48629.4 46375.2 52252 63726.8
97300 54603.2 51848.2 49111.4 50504.4 60525.4
97400 53287 49894 49286.2 46901 59626.6
97500 55696.8 52127.8 46610.2 50006.8 59848.6
97600 54497 49631.2 49383.4 52723.4 58285.8
97700 55865.4 48503.2 46439.6 50725.4 61977.6
97800 52389.8 48686 44748 48005.4 57359.2
97900 55741 48609.2 51714.6 50075.6 61367.2
98000 55986.6 56679 46674.8 50006 60166.4
98100 63416.8 59235.6 60036 63346.8 74698.8
98200 69967.8 51089.8 44684 48678 54479
98300 71984.2 75061.8 56359.8 47672.6 65963.6
98400 50318 47402.6 45007.6 49147.2 57826.2
98500 50608.6 52556.2 62420.8 57304.6 66347.4
98600 52979.2 53239.4 48565.8 53034 64502.6
98700 60881.6 51793 50621.6 50184.8 69793.4
98800 61430.8 49447 46659.6 46789.6 56555
98900 54279.2 44895.8 44866 46948.4 55033.6
99000 53834.8 49003 46356.2 53896.6 62405
99100 53249.6 47956.4 50522 56220 64334
99200 51729.8 48137.6 45038.8 45608.8 58435.8
99300 58167.6 47559.8 46243.2 49492.2 58690
99400 53549.2 48446.2 45529.6 50004.6 60772.6
99500 56057.4 50230.8 54346.4 52626 58883.8
99600 53349.8 49703.2 45807.6 49795.2 63166.4
99700 53330 50967.2 44917.4 50872.4 61196.4
99800 53697.4 42102.6 43205.8 46583.8 57668.8
99900 53678.2 47623.6 51406.4 46931.8 61890.4
100000 53168 50749.8 45587.8 46446.6 59483
