500 272.4
600 408.6
700 493.4
800 575.4
900 548
1000 620.6
1100 562.8
1200 590
1300 851.8
1400 895.6
1500 1409.4
1600 1062.2
1700 1008
1800 1279.6
1900 1045.6
2000 1124
2100 1416.2
2200 1133.8
2300 1472
2400 1562.2
2500 1702.6
2600 1493.8
2700 1653
2800 1986.6
2900 1595.8
3000 2003.6
3100 1757.4
3200 1876.6
3300 3265.2
3400 2015.6
3500 2098
3600 2072.8
3700 1962.2
3800 2267.4
3900 2254
4000 2451.2
4100 2250.4
4200 2404.8
4300 2719.4
4400 2741.4
4500 2740.6
4600 2492
4700 2842
4800 3159.6
4900 2754.6
5000 2798.8
5100 3159.2
5200 3043.4
5300 3297.2
5400 3885.4
5500 3210.6
5600 3666.4
5700 3948.4
5800 3740.2
5900 3689.2
6000 3500.6
6100 4308.2
6200 4580.8
6300 4923.6
6400 3887.8
6500 4123.4
6600 4455.2
6700 4459.8
6800 4736.8
6900 4027.2
7000 4125.4
7100 4107.2
7200 5559.6
7300 4711
7400 4646
7500 5751.2
7600 5689.4
7700 4486.2
7800 5797
7900 5893.6
8000 6251.4
8100 5522.4
8200 6840.2
8300 5087.4
8400 6560.4
8500 6597
8600 5319.4
8700 6361.8
8800 6774.4
8900 5575.2
9000 5695.8
9100 7549.4
9200 7911.2
9300 7241.2
9400 6778.4
9500 6166.2
9600 6000.8
9700 6436.6
9800 7015.8
9900 6646
10000 7368.4
10100 7429.8
10200 6570
10300 7345.4
10400 6747.8
10500 6793.6
10600 6769.8
10700 7299.2
10800 8569.4
10900 6825
11000 7062.6
11100 8228.6
11200 6669.2
11300 8085.6
11400 8018
11500 7235
11600 7409.2
11700 8539.2
11800 7743.2
11900 8822.8
12000 7741
12100 8221
12200 9280.2
12300 8173.2
12400 8973
12500 8740.6
12600 10156.8
12700 9604.6
12800 8959.6
12900 12095.4
13000 14309.2
13100 9759.2
13200 9734.8
13300 10657
13400 10004.4
13500 9129
13600 10644.6
13700 10072.2
13800 10701.4
13900 10768
14000 10976
14100 10812.6
14200 10593.6
14300 11102.8
14400 13760.4
14500 12291.6
14600 10466
14700 11718.6
14800 11956.8
14900 12568.2
15000 16459.6
15100 12074.4
15200 10705.4
15300 11286.6
15400 11179.6
15500 11464.2
15600 11318.6
15700 10867.8
15800 12143.6
15900 11912.4
16000 10226
16100 12914
16200 11018.4
16300 10737.2
16400 11788.6
16500 11820
16600 11418.8
16700 12943.8
16800 12921.2
16900 12177.2
17000 11607.4
17100 12502.8
17200 13398.8
17300 13519.4
17400 12303.4
17500 14697
17600 19332.2
17700 14632.4
17800 13803.6
17900 16115
18000 12737.8
18100 12217
18200 12903.2
18300 11637.2
18400 12746.2
18500 12889.4
18600 16128.6
18700 13547.2
18800 14169
18900 12406.4
19000 13689.2
19100 13813.8
19200 15338.4
19300 14694.2
19400 14513.6
19500 14020.2
19600 12921.6
19700 14085
19800 12752
19900 13259.8
20000 15507.2
20100 13735.2
20200 14193.6
20300 14675
20400 13688.2
20500 13792.2
20600 14320.2
20700 14132
20800 14991.8
20900 14293.8
21000 14918
21100 14822.4
21200 14934.4
21300 14298
21400 14320
21500 14260.4
21600 15693.6
21700 14361.2
21800 14918
21900 16111.6
22000 19315.6
22100 17364.4
22200 19606.8
22300 17847
22400 30026.2
22500 16243.2
22600 21500.2
22700 18092.2
22800 19034.8
22900 19766.6
23000 19438
23100 18448.8
23200 17357.4
23300 26799.4
23400 18254
23500 18251.2
23600 17596.8
23700 18765.4
23800 19629.8
23900 17226.2
24000 17353
24100 16219.2
24200 17051.8
24300 17164
24400 19851.2
24500 19214.4
24600 21349.4
24700 18434.6
24800 24394
24900 20592
25000 19833.6
25100 23614.6
25200 26413.2
25300 20677.8
25400 19300
25500 21198.6
25600 20472.2
25700 20009.8
25800 19727
25900 18912.6
26000 18646.2
26100 20109
26200 18825.2
26300 19907.6
26400 26284.8
26500 22516.6
26600 22551.6
26700 19940.4
26800 22790.8
26900 19938.6
27000 26759.4
27100 21943.8
27200 20672.8
27300 23050.4
27400 21745
27500 20407
27600 20122.4
27700 21741.8
27800 19597.2
27900 20205.2
28000 21099
28100 21419.4
28200 20662
28300 21006
28400 21751.4
28500 22027.6
28600 20158.2
28700 21619.6
28800 21039.6
28900 21856.6
29000 20635.4
29100 22757.8
29200 22600.8
29300 21222.8
29400 20898.6
29500 25396.8
29600 21491.6
29700 21108.8
29800 22334.6
29900 23657.4
30000 21408.6
30100 23092.8
30200 22184
30300 22547.6
30400 28556.4
30500 22229.2
30600 22848.4
30700 22158
30800 22055.2
30900 23701.6
31000 23982.4
31100 21607.4
31200 22884.8
31300 23270.2
31400 21724
31500 26320.6
31600 22976.6
31700 24973.4
31800 24658.8
31900 24326.4
32000 22994.8
32100 23315.2
32200 23632.8
32300 27373.6
32400 25693
32500 26820.8
32600 24881.2
32700 25355.4
32800 24236.6
32900 23735
33000 25092.8
33100 29214.2
33200 25865.4
33300 27144.4
33400 27722.8
33500 27987.6
33600 26742.2
33700 28460
33800 35467.2
33900 24648.2
34000 32407.2
34100 29942
34200 33619
34300 24494.8
34400 25009.8
34500 24483.8
34600 25327.6
34700 26344.8
34800 28037.2
34900 36364.2
35000 25940.6
35100 24320.8
35200 23765.6
35300 25663.8
35400 23975.4
35500 25601.6
35600 38327.6
35700 26718.6
35800 25875.2
35900 28432.4
36000 26868.8
36100 26359.6
36200 25952.4
36300 28099.8
36400 25570.4
36500 26351.6
36600 25862.2
36700 26746.6
36800 25836
36900 25396.2
37000 24782.4
37100 27074
37200 26949.8
37300 25341
37400 27579
37500 26415.8
37600 25525.8
37700 24889.4
37800 25705.6
37900 27668.6
38000 26641.4
38100 25878
38200 29061.6
38300 25511.4
38400 27018.2
38500 27435.4
38600 27171
38700 27560
38800 27267.8
38900 29255.2
39000 26477.8
39100 26364.8
39200 27187.8
39300 27603.8
39400 27088.8
39500 27971
39600 26759.8
39700 26561
39800 27492.8
39900 28473.8
40000 27742.4
40100 28111.4
40200 27489.4
40300 27939.6
40400 27975.8
40500 27546.4
40600 28534.6
40700 28154
40800 27986.2
40900 27224.6
41000 29818.4
41100 29066.2
41200 28746.6
41300 33245.4
41400 31725.4
41500 45972
41600 31088
41700 31102
41800 31311
41900 28900.2
42000 31148.2
42100 29952.6
42200 31279.8
42300 30882
42400 31337.4
42500 31873.4
42600 30410.2
42700 31244.6
42800 29616.2
42900 30132
43000 30043.4
43100 31494.6
43200 31448.8
43300 31230
43400 30154.8
43500 30723.8
43600 30576.4
43700 29986.8
43800 31396.4
43900 32124
44000 30996
44100 35224.6
44200 31346.8
44300 37529.4
44400 32726.8
44500 32377.4
44600 30412
44700 32440.4
44800 30993.4
44900 31762.8
45000 32686.6
45100 32741.2
45200 32695
45300 31685.8
45400 31185.2
45500 32191.2
45600 33370.6
45700 30753.8
45800 32151.6
45900 36686.4
46000 32428.2
46100 33027.6
46200 32328.6
46300 32906.8
46400 32649.4
46500 34600.4
46600 34203.6
46700 32190.6
46800 32813
46900 34724.2
47000 33299.6
47100 33955.2
47200 32415
47300 33822.8
47400 32024.6
47500 34228.2
47600 33556.2
47700 32816.6
47800 33830
47900 33474.4
48000 33906
48100 33990.4
48200 33930.6
48300 34542.4
48400 33500.8
48500 35308.8
48600 34907.4
48700 34095.4
48800 35343.4
48900 35113.4
49000 34220.2
49100 33749.6
49200 35482.8
49300 34066
49400 34518.2
49500 34726.6
49600 34371.4
49700 35110.4
49800 34963.2
49900 34631
50000 33971.4
50100 34944.4
50200 38887
50300 35270.6
50400 35653
50500 39933.4
50600 36149.8
50700 36946.4
50800 36651.6
50900 36445
51000 36160.2
51100 35526.4
51200 36655.2
51300 38047.6
51400 37078.6
51500 36274.4
51600 37723.6
51700 37917.8
51800 38774.4
51900 36105.8
52000 36528.8
52100 36740.6
52200 36048.8
52300 36489.2
52400 37296.4
52500 35963
52600 36696
52700 36665.8
52800 38509
52900 36051.8
53000 37691.6
53100 37274.6
53200 37801.4
53300 38385
53400 36171.8
53500 37474
53600 40090.8
53700 37261.4
53800 37167.2
53900 37499
54000 38451.8
54100 37232.4
54200 36331.6
54300 37255.6
54400 37746.4
54500 39734.2
54600 38188.8
54700 38263.8
54800 37976.2
54900 39528.8
55000 38562.2
55100 38946.2
55200 42011.2
55300 38835.8
55400 40024.4
55500 38265.8
55600 39471.6
55700 38715.2
55800 38003.8
55900 39768.6
56000 38643.2
56100 38976.2
56200 39123.6
56300 38497.6
56400 38880.8
56500 41386.6
56600 43038.6
56700 39971.4
56800 39104
56900 47031.4
57000 41442.2
57100 40822
57200 40270.6
57300 40199.6
57400 41192.4
57500 39631
57600 39971.8
57700 40775.6
57800 40206.8
57900 42305
58000 48652.4
58100 60945.8
58200 40975.4
58300 40882.8
58400 44125.2
58500 43786
58600 43807.2
58700 40875
58800 43153.6
58900 42751.2
59000 61787.6
59100 44212.2
59200 42549.6
59300 41786
59400 41655.2
59500 41820.6
59600 43287.2
59700 46507.8
59800 48001
59900 44000
60000 50409
60100 44797.2
60200 54894.6
60300 47717.2
60400 65536.6
60500 57302.6
60600 51190.2
60700 50327.2
60800 52907.6
60900 52025.6
61000 58595.2
61100 55080
61200 51192.2
61300 43437.4
61400 44284
61500 43711.4
61600 43624.4
61700 45426.2
61800 43804.2
61900 46760
62000 43324.4
62100 45063.2
62200 45576.6
62300 43275.2
62400 50618.6
62500 47352.6
62600 46285.2
62700 46848.4
62800 58790.4
62900 47557
63000 48636.6
63100 48616.4
63200 45945.8
63300 45213.6
63400 49971.2
63500 44434.4
63600 45512
63700 47757.2
63800 44963.2
63900 46628.6
64000 47218.6
64100 47584.2
64200 49515.4
64300 50986.8
64400 46424.4
64500 45803.4
64600 46689.2
64700 47658.2
64800 44006.8
64900 48528.8
65000 47124.6
65100 48135.4
65200 44852.2
65300 45829
65400 44435.8
65500 46648.2
65600 47748
65700 47242.2
65800 44433.6
65900 47018
66000 48198.8
66100 48951.8
66200 48723.4
66300 46836.2
66400 48507.8
66500 48256.8
66600 50714.6
66700 49367.4
66800 45754.8
66900 45814.2
67000 47412.2
67100 48653.4
67200 48993.2
67300 48144.6
67400 55118.4
67500 78758.4
67600 74444.4
67700 63819.4
67800 53342
67900 58640.2
68000 55222.2
68100 53238
68200 52508.6
68300 50727.4
68400 52473.6
68500 49962.8
68600 49836.8
68700 51762.2
68800 51205.2
68900 53506.6
69000 53095.2
69100 51399.8
69200 56878.6
69300 54559.8
69400 52057.6
69500 67536.6
69600 50634.4
69700 53710.4
69800 52288.2
69900 55533.4
70000 55862
70100 56170.8
70200 53046.4
70300 52377
70400 55270.6
70500 52577.2
70600 49191
70700 49404.8
70800 51362.4
70900 51378.8
71000 51120.2
71100 54442.4
71200 51674
71300 55629.8
71400 56769.8
71500 51939.2
71600 51721
71700 52331.2
71800 51616.6
71900 54273.8
72000 51620.2
72100 52481.4
72200 52275.8
72300 52357.4
72400 52042.2
72500 52436.8
72600 52660.8
72700 56683.8
72800 54282
72900 52681.4
73000 52514.6
73100 54132.6
73200 52484.4
73300 51914.4
73400 53790.8
73500 54868
73600 53816.6
73700 55856.8
73800 55248
73900 53490.8
74000 54518.8
74100 63610.4
74200 55263.2
74300 59801.8
74400 55317.4
74500 55623.6
74600 68751.8
74700 54750.2
74800 54669.4
74900 57655.8
75000 56704.6
75100 58927
75200 59366.2
75300 55473.2
75400 53629.4
75500 53904.2
75600 54759
75700 57648.4
75800 54810
75900 52491.2
76000 59332
76100 53429.2
76200 54178.2
76300 59212.2
76400 57275
76500 57311.2
76600 54889.6
76700 53368.2
76800 57703.2
76900 54979.4
77000 56183.6
77100 55670.4
77200 55847.2
77300 53913
77400 54710.6
77500 57217
77600 61120.2
77700 79678.8
77800 58078.2
77900 56475.8
78000 58325.6
78100 56745.6
78200 56078
78300 57404
78400 56649.4
78500 55307.4
78600 56233.6
78700 58580
78800 67382.6
78900 60799.4
79000 64338.2
79100 57302.6
79200 57832.8
79300 60676
79400 59454.8
79500 61227
79600 60439.8
79700 67630.8
79800 60161.4
79900 59762.4
80000 96066.2
80100 56835.4
80200 61093.4
80300 56682.2
80400 58826
80500 60665.4
80600 59144.4
80700 58252.4
80800 57202.6
80900 62505.8
81000 60554.8
81100 59473.8
81200 57013.4
81300 56511
81400 57271
81500 59267
81600 62368.6
81700 69190.8
81800 75557.2
81900 69244
82000 67087.6
82100 66384.2
82200 61436.6
82300 63947.2
82400 65425.2
82500 81088.6
82600 75085.2
82700 68726.2
82800 63598.4
82900 60783
83000 61135.6
83100 61603.8
83200 65041.2
83300 64304.6
83400 59290.2
83500 60047.6
83600 60594.6
83700 61525
83800 62780.8
83900 68071.8
84000 63180.4
84100 63049
84200 62723.6
84300 59238.8
84400 61599.2
84500 64434.2
84600 62873.4
84700 60927.6
84800 62112
84900 63499
85000 63862
85100 64299.2
85200 62318.6
85300 61843.8
85400 64130.4
85500 61462
85600 60456.6
85700 63480.2
85800 60211
85900 60416.8
86000 62608.4
86100 61773.8
86200 59909
86300 61285.2
86400 70901
86500 62971
86600 61663.8
86700 62607.4
86800 61190
86900 61812
87000 62615.8
87100 63972.8
87200 60744.2
87300 68629.6
87400 62496.4
87500 61710.4
87600 62685.6
87700 63742.4
87800 62942.6
87900 64356
88000 67544.2
88100 67335.4
88200 80157.8
88300 70851.8
88400 61683.4
88500 66899.8
88600 82411.8
88700 77385.2
88800 69792.2
88900 67786.6
89000 73630.8
89100 69555.6
89200 75824
89300 72244.4
89400 83591.8
89500 73750.6
89600 74724.6
89700 73059.8
89800 74925.2
89900 73576.6
90000 71508.4
90100 70245
90200 73240
90300 73153.4
90400 71017.8
90500 70848.4
90600 69827.2
90700 69711.2
90800 70682.2
90900 70364.2
91000 71074.6
91100 73201.4
91200 94026.4
91300 69854.4
91400 71449.8
91500 70241
91600 70318.2
91700 75572.4
91800 70617.8
91900 70166.4
92000 70902.8
92100 70491.6
92200 72502.2
92300 72844.4
92400 76000
92500 74966
92600 76671.6
92700 75296
92800 72621
92900 74397.4
93000 75093.2
93100 73460
93200 81228.6
93300 75366.8
93400 72451.8
93500 72934.4
93600 73297.6
93700 72574.2
93800 73301
93900 72900.4
94000 73328.8
94100 74770.8
94200 72089
94300 74331.6
94400 71449.2
94500 75446.2
94600 75123.8
94700 73293.4
94800 75557.2
94900 71004.2
95000 74246.8
95100 73015.6
95200 70764.6
95300 74408.4
95400 90931
95500 73797.6
95600 69963.4
95700 68547.2
95800 70390
95900 71163.2
96000 78410
96100 86702
96200 84080.2
96300 80804.2
96400 83466
96500 80472.4
96600 80002.8
96700 79039.2
96800 86231.8
96900 80886.8
97000 77339
97100 80806
97200 80422.6
97300 81228.4
97400 82827.6
97500 80036.8
97600 80210.2
97700 78339.8
97800 80502.8
97900 76954.2
98000 81376
98100 88833
98200 142961
98300 82772.6
98400 83526.8
98500 77732.4
98600 87613
98700 93117.8
98800 90824.6
98900 75042.2
99000 75958.4
99100 86774.2
99200 81179.2
99300 80544.6
99400 76093.8
99500 86535.6
99600 86044.8
99700 80114
99800 81362.6
99900 77699.4
100000 80217.2
