500 283.8
600 344
700 435.2
800 453.4
900 489
1000 547.4
1100 611.4
1200 914.4
1300 752
1400 822.6
1500 1028.6
1600 981.6
1700 876.2
1800 894.8
1900 924.4
2000 965.4
2100 1110.8
2200 1028.2
2300 1267.8
2400 2147.2
2500 1583.4
2600 1303.4
2700 1796.2
2800 1312
2900 1325.8
3000 1345.2
3100 1523.2
3200 1639.2
3300 3064.8
3400 1645.2
3500 1808.4
3600 1820.6
3700 1817.8
3800 1918.8
3900 1829.2
4000 2439.2
4100 2038.4
4200 2335.8
4300 2729.2
4400 2586.4
4500 2338
4600 2323.6
4700 2462.6
4800 2313.4
4900 2358.2
5000 2751.8
5100 2869.8
5200 2801.8
5300 2888.4
5400 3042
5500 2819.8
5600 2760.8
5700 2789.6
5800 2942
5900 3188.4
6000 2954.6
6100 3895.4
6200 4036
6300 3441.8
6400 3311.6
6500 3585.2
6600 4122.6
6700 3779.8
6800 3399.4
6900 3498
7000 3835.8
7100 3816.2
7200 4380.8
7300 3936.4
7400 4511.8
7500 5158.2
7600 5184.2
7700 4185.8
7800 3955.2
7900 3884.6
8000 5300.4
8100 4072.6
8200 4942.4
8300 4758.4
8400 5044.2
8500 6064.2
8600 5926
8700 5348.2
8800 6023.2
8900 5813.2
9000 5594.2
9100 6182.2
9200 6912
9300 5931.4
9400 5809.4
9500 5289.8
9600 5508.2
9700 5747.6
9800 5804.4
9900 5728.2
10000 5282.4
10100 5866
10200 5706.2
10300 5731
10400 6515.6
10500 6519.4
10600 5647.8
10700 6522
10800 8022.2
10900 5710.4
11000 6107.8
11100 6588
11200 6022.2
11300 6390.2
11400 6476
11500 6780.2
11600 6355.6
11700 7357
11800 6379.4
11900 7653
12000 7725.6
12100 6452.8
12200 7504.8
12300 8672
12400 7491.2
12500 12325.8
12600 8479
12700 8446.6
12800 7113.2
12900 11603.4
13000 8045.4
13100 8814.6
13200 8167.2
13300 9269.4
13400 8908.2
13500 8487.6
13600 8804.4
13700 8299.2
13800 8978.6
13900 9312.6
14000 9624.2
14100 8717.4
14200 10900.2
14300 9637.2
14400 12614.6
14500 10455.4
14600 9615
14700 12176.2
14800 10327.8
14900 9990.2
15000 11223.6
15100 10065.6
15200 9775.6
15300 10684.6
15400 9543.8
15500 10161.8
15600 10072.6
15700 10091.8
15800 10975.2
15900 9161.6
16000 9191.2
16100 9532
16200 10048.2
16300 10037.8
16400 10546.8
16500 10666.6
16600 10979
16700 11311
16800 10077.8
16900 11367.4
17000 10590.2
17100 12011.2
17200 13252
17300 11267
17400 13342.4
17500 12664.2
17600 17178.4
17700 15622.6
17800 13236.4
17900 14864.8
18000 12381
18100 11771.6
18200 9857.6
18300 10696.8
18400 10114.6
18500 10689.4
18600 10405.8
18700 11866.8
18800 12977.8
18900 11264.8
19000 10553.2
19100 10385.2
19200 12501.8
19300 11640.4
19400 11794.2
19500 13018.2
19600 11988.4
19700 11366.4
19800 11861.8
19900 11941.6
20000 11604
20100 11568.4
20200 11413
20300 12338.4
20400 11096.8
20500 11845.4
20600 11708.6
20700 12257.2
20800 11847.6
20900 11521.6
21000 11777.2
21100 12028.2
21200 12284.8
21300 12164.4
21400 13007.4
21500 13321.8
21600 13995.8
21700 12547.2
21800 13448.6
21900 14727.8
22000 18197.2
22100 15337.4
22200 16956.6
22300 20157.8
22400 15307
22500 20261.8
22600 16521
22700 24365.8
22800 16054
22900 19457
23000 15810.6
23100 15042.2
23200 14489.6
23300 17737
23400 15073
23500 16817.6
23600 15392
23700 16058
23800 15743.2
23900 14309.2
24000 13942
24100 14439.2
24200 14959.4
24300 15676.4
24400 16770.4
24500 16631.8
24600 18119
24700 16445
24800 23052
24900 19905.6
25000 17097.4
25100 17767.6
25200 17896.8
25300 17828.2
25400 17127.2
25500 18339.8
25600 17509.8
25700 16755
25800 15226.8
25900 16823
26000 17519
26100 17497.6
26200 16586.2
26300 15878.4
26400 17313.2
26500 16666
26600 16989.2
26700 17260.4
26800 18964
26900 17682.2
27000 21202
27100 18569.2
27200 16623.8
27300 17137.4
27400 15947.2
27500 17953.2
27600 17648.6
27700 18811
27800 17174.2
27900 17433
28000 17385.2
28100 19187.8
28200 18883.6
28300 19125
28400 19454.2
28500 17576
28600 17343.4
28700 16538.2
28800 17860
28900 18656.4
29000 17240
29100 19758.4
29200 17662.8
29300 19476.4
29400 18741.8
29500 20221.2
29600 18659.6
29700 20029.6
29800 19401.8
29900 20003.2
30000 17959.8
30100 22124.6
30200 19890.6
30300 20737.8
30400 20531
30500 19687.6
30600 20764.2
30700 19040
30800 20915.6
30900 18878.8
31000 19503
31100 19257.2
31200 18990.4
31300 21257.2
31400 21730
31500 25191.4
31600 19737.6
31700 19205.6
31800 19387.6
31900 19390.8
32000 19491.2
32100 20841
32200 20178.6
32300 21725.2
32400 22399
32500 21954.4
32600 21413.8
32700 21801.2
32800 21937.8
32900 22518.6
33000 21739.6
33100 23788.8
33200 23446.2
33300 22127
33400 26050.4
33500 26216.8
33600 22255.4
33700 23716.6
33800 35105
33900 28132
34000 28024.4
34100 21797
34200 23226.6
34300 21864.8
34400 22803
34500 20896.4
34600 20323.8
34700 22391.6
34800 21477
34900 31036.8
35000 24362
35100 21269.4
35200 20935.6
35300 23534.2
35400 22477
35500 24373.6
35600 28668.2
35700 20929.6
35800 23148.2
35900 22412.2
36000 21550.4
36100 22113.6
36200 21190.4
36300 22097.6
36400 21560.4
36500 23144.6
36600 22001.8
36700 21537.4
36800 22276
36900 23756.8
37000 22023.6
37100 21108.4
37200 22226.6
37300 22108
37400 23065.4
37500 22329.4
37600 22630.4
37700 22547.4
37800 21691.2
37900 22840.8
38000 23409.2
38100 21996.6
38200 22979.4
38300 22908.2
38400 21726.2
38500 22446.6
38600 22390
38700 23683.8
38800 24535.2
38900 22900.4
39000 23397.6
39100 22252.6
39200 23003
39300 22728.6
39400 24133.6
39500 23311
39600 22817.4
39700 22996.6
39800 23655.2
39900 24163.2
40000 23129.2
40100 23196.2
40200 22907.4
40300 24784.8
40400 23758.4
40500 26580.6
40600 22782.4
40700 23136.8
40800 24904.4
40900 23918.2
41000 25624
41100 23300.6
41200 25211.2
41300 30137.4
41400 28868.6
41500 45454.4
41600 24023.8
41700 26525.4
41800 29090.4
41900 24846.8
42000 25333.4
42100 27314
42200 25448
42300 27635
42400 26296.4
42500 27283.4
42600 24641.4
42700 25968.8
42800 25248.2
42900 24625
43000 27167.4
43100 28489.2
43200 25417.4
43300 25904.2
43400 27345.6
43500 26859.6
43600 27027
43700 27496
43800 25167
43900 26798
44000 27444.8
44100 37076.2
44200 25437.8
44300 30335
44400 26498.8
44500 26308.4
44600 28206.4
44700 26253.8
44800 28053.4
44900 26703.4
45000 26673.4
45100 27738.2
45200 27778.8
45300 26764.6
45400 27414.8
45500 26876.2
45600 28845.6
45700 27800.6
45800 28547.8
45900 28560.2
46000 27287.2
46100 27442.6
46200 28746.6
46300 26878.2
46400 27909.8
46500 34919.2
46600 27333.6
46700 27017.4
46800 27817.6
46900 28803.2
47000 26933.8
47100 26817.8
47200 27632.2
47300 27150
47400 27599.6
47500 29667.4
47600 28249.8
47700 29088
47800 28406.8
47900 29312.4
48000 28678.8
48100 27406.6
48200 29385.6
48300 27177.2
48400 27923
48500 27930.4
48600 29453.6
48700 28302.8
48800 28696.4
48900 28421.2
49000 29344.8
49100 29172.2
49200 29190.4
49300 33177.4
49400 30092.4
49500 28582.6
49600 32228.2
49700 30091.4
49800 29523.6
49900 29264.2
50000 30092.2
50100 30746.6
50200 30793.2
50300 31973.4
50400 30340.8
50500 31128.4
50600 30176
50700 31618.8
50800 31356
50900 29590.4
51000 31122.6
51100 31693.6
51200 31135.8
51300 32123.4
51400 30383.8
51500 32962.2
51600 30679.2
51700 30595.2
51800 30605
51900 30513.6
52000 33781.2
52100 31893.6
52200 32433.6
52300 31644.8
52400 31062
52500 31995.6
52600 32984.6
52700 30925
52800 32087
52900 30855
53000 31712.8
53100 36373.6
53200 33782.2
53300 33112
53400 33173.8
53500 31201.8
53600 32652.4
53700 31509.8
53800 33298.8
53900 31869
54000 31890
54100 33517.6
54200 31728.8
54300 33630.6
54400 31866.6
54500 31573
54600 33555.2
54700 31784.4
54800 32464.6
54900 32925
55000 31970.6
55100 31716.2
55200 35725.4
55300 33479.6
55400 33474.8
55500 32724.6
55600 33022.6
55700 32387.4
55800 33253
55900 33306.6
56000 32603.6
56100 34309.4
56200 34541.2
56300 33361.8
56400 33543
56500 34449.4
56600 33109
56700 32820.6
56800 33204.8
56900 51097.2
57000 33777.8
57100 35365.6
57200 36487.4
57300 33902.2
57400 34347
57500 34484
57600 35743.2
57700 35013
57800 34028.8
57900 43609.4
58000 42628.4
58100 58855.6
58200 35986.6
58300 36033
58400 37963
58500 38960.6
58600 37647.2
58700 35299
58800 35724.8
58900 36039
59000 45569.6
59100 38619.4
59200 35087.8
59300 37730.2
59400 37192.6
59500 35949
59600 36751.4
59700 39163
59800 36707.6
59900 38752.4
60000 41210.8
60100 38612
60200 38006.2
60300 43803.2
60400 39963.8
60500 47047.4
60600 38369.6
60700 41112.2
60800 52219.8
60900 45421
61000 51539.8
61100 43353.2
61200 38869.4
61300 36611.4
61400 38161.8
61500 35664.8
61600 36686.2
61700 36571
61800 37616.2
61900 40177
62000 37033.2
62100 38232.8
62200 38829.4
62300 39060.4
62400 39201.2
62500 40849
62600 42058.4
62700 39857.4
62800 41938.2
62900 38172.4
63000 39658
63100 39435.4
63200 40908.4
63300 40783.4
63400 38812.6
63500 38238.2
63600 37833.4
63700 42979.6
63800 41052
63900 41794.6
64000 39788.4
64100 39135.2
64200 45795.8
64300 38195.4
64400 38792.4
64500 39229.6
64600 40455.4
64700 40207.4
64800 39045.4
64900 37948
65000 40021.2
65100 38116.6
65200 37967.8
65300 39836.8
65400 38885.6
65500 39899
65600 38800.8
65700 37980
65800 40310
65900 42085.4
66000 37736
66100 40693.4
66200 39620.4
66300 39410.8
66400 42397.2
66500 39457
66600 39975.6
66700 40547
66800 40572.2
66900 41063
67000 39561.8
67100 39876
67200 44792.6
67300 41631.8
67400 45046.6
67500 64731.2
67600 51965
67700 58614.8
67800 50011.8
67900 50898.8
68000 49694.8
68100 42548.6
68200 43045.2
68300 42513
68400 43735
68500 44236.8
68600 44087.2
68700 45048.6
68800 42750
68900 46814.8
69000 46733.4
69100 42209.2
69200 44460
69300 46702.8
69400 45103.4
69500 50550.2
69600 45443
69700 47864.8
69800 47221.2
69900 44301.8
70000 45309.6
70100 43321.4
70200 42825
70300 46649
70400 43447.6
70500 42610.2
70600 41786.8
70700 45452.6
70800 42595.6
70900 42684.2
71000 43044.8
71100 49727
71200 42547.6
71300 55254.2
71400 66004.2
71500 45428
71600 42074.6
71700 45742.8
71800 43812.2
71900 60085.2
72000 45260.4
72100 43798.6
72200 44602.6
72300 43359.2
72400 45441.8
72500 43716.6
72600 45283.6
72700 46625.6
72800 47633.6
72900 46130.4
73000 45153.8
73100 45065.4
73200 47512.4
73300 45381.8
73400 43936
73500 46571.6
73600 45445
73700 47601.6
73800 45372.6
73900 50533.2
74000 45169.6
74100 53165.2
74200 59818
74300 50219.4
74400 44706.4
74500 44650.4
74600 50630.4
74700 46597
74800 45099.8
74900 60322
75000 51916.6
75100 50022.8
75200 48676
75300 46174.4
75400 47139.6
75500 45071.8
75600 45143.8
75700 49540
75800 46069
75900 47342.4
76000 50307.6
76100 46552.6
76200 47226.8
76300 46390
76400 53975
76500 46673.4
76600 48205
76700 45567.6
76800 44900.2
76900 47529.6
77000 51691.2
77100 49077
77200 47543.8
77300 47932.4
77400 48191.2
77500 53352.4
77600 50139.2
77700 58678.8
77800 49246.8
77900 48865.2
78000 49216.8
78100 47733.2
78200 48012.4
78300 47987
78400 47061.4
78500 49645.8
78600 49436
78700 52488.6
78800 56275.6
78900 53382
79000 54517.2
79100 48378
79200 54566.6
79300 47768.4
79400 57062
79500 51642.2
79600 54316
79700 56164.8
79800 52375.6
79900 47837.6
80000 51175.2
80100 50365.4
80200 49849.6
80300 50722.8
80400 49936.6
80500 53042
80600 49182
80700 48156.8
80800 49973.6
80900 48141.8
81000 51529.2
81100 49776.4
81200 49442.4
81300 49104.4
81400 52170
81500 49839
81600 52675.8
81700 63033
81800 71990.8
81900 58598.2
82000 60488.8
82100 59257
82200 54179.8
82300 58462.4
82400 57614.4
82500 102760
82600 74321
82700 51209.4
82800 52567.8
82900 55280.6
83000 54769
83100 53445.4
83200 54155.6
83300 52734.2
83400 50496
83500 55673
83600 50787.8
83700 52373.8
83800 50927
83900 52594.2
84000 52767.4
84100 53081.2
84200 55359.2
84300 52235.4
84400 52515.6
84500 54259.8
84600 53134
84700 59201.6
84800 56032.2
84900 52770.8
85000 53084
85100 54942.6
85200 53207
85300 55771.4
85400 58108.4
85500 53752.4
85600 54325.2
85700 54321
85800 52420.6
85900 51269.6
86000 53540.4
86100 51776.4
86200 53726.6
86300 51065
86400 64020.2
86500 55188.4
86600 51471.2
86700 53897
86800 51553.8
86900 52845.6
87000 52211.8
87100 54063.8
87200 51312.4
87300 54875.8
87400 50963.8
87500 53358.6
87600 55244.8
87700 61558.8
87800 55408.8
87900 54388.8
88000 54157.8
88100 57582
88200 65688.6
88300 56049.2
88400 56285.6
88500 59405
88600 65446.2
88700 77232.8
88800 62975.6
88900 60615.2
89000 64634.6
89100 62423.8
89200 69439.2
89300 60069.8
89400 70142
89500 61592.2
89600 63154.2
89700 60955.8
89800 64754.4
89900 61308
90000 61813.8
90100 63222
90200 59827.6
90300 59184.2
90400 59141.8
90500 59505.2
90600 58894.4
90700 62215.4
90800 62779.8
90900 60064.4
91000 60922.4
91100 62933
91200 60949.8
91300 62660.8
91400 64472.4
91500 64748.8
91600 64676.4
91700 63793.6
91800 59954.8
91900 64081
92000 63134.8
92100 62038.6
92200 61988.2
92300 62644.8
92400 59111.4
92500 61793.6
92600 60665.4
92700 62123.6
92800 65435.2
92900 63201.6
93000 63532
93100 64441.4
93200 62426.4
93300 62108
93400 62681.8
93500 60453.4
93600 64931
93700 60780.4
93800 59958.2
93900 64214.2
94000 64000.4
94100 62715.6
94200 65652.6
94300 61344.4
94400 62891.4
94500 64592.4
94600 66187.6
94700 60083.6
94800 57835
94900 59326
95000 65743.6
95100 61459.8
95200 62584.6
95300 61577.2
95400 61181.4
95500 65286.6
95600 59663
95700 58092.8
95800 59781.6
95900 57540.4
96000 83946.8
96100 78892
96200 69992
96300 68918.6
96400 64477.6
96500 66208.8
96600 68615.2
96700 69364.8
96800 73973.8
96900 69102.6
97000 72252.6
97100 67403
97200 67043.6
97300 66545.4
97400 69569
97500 68722.8
97600 67627
97700 71395.8
97800 65995
97900 74624.6
98000 73736.6
98100 73050
98200 84675.6
98300 81443.8
98400 76580.6
98500 62685.6
98600 71395.6
98700 78374.4
98800 78524
98900 66165.6
99000 65056
99100 75725.8
99200 64002.8
99300 66259
99400 74060.2
99500 70559.8
99600 65674
99700 68755.6
99800 69337.2
99900 68467.6
100000 70501.2
