500 232.4
600 350.2
700 419.2
800 453.4
900 604.6
1000 733
1100 742.2
1200 849.8
1300 776.6
1400 870.8
1500 1021.8
1600 900
1700 898.2
1800 789.2
1900 982.8
2000 1095
2100 926.8
2200 1088
2300 1323.4
2400 1727.2
2500 1738.8
2600 1485.4
2700 2010.6
2800 1463
2900 1677
3000 1455.4
3100 1551.8
3200 1704.8
3300 2430.8
3400 1620.6
3500 1870.2
3600 1875.8
3700 2251.8
3800 1956.2
3900 2070.8
4000 2338.2
4100 2127.6
4200 2205.4
4300 2393.4
4400 2320.8
4500 2375.8
4600 2469.2
4700 2503.8
4800 2362.6
4900 2469.8
5000 2478
5100 2634
5200 2895.6
5300 2931.2
5400 2771.4
5500 3066
5600 3040
5700 2873
5800 3681.4
5900 3366.6
6000 3166.2
6100 3111.6
6200 3568.6
6300 3448.2
6400 3824.2
6500 4262.8
6600 4232.8
6700 3610.4
6800 3976
6900 3843.6
7000 3921.8
7100 4447.8
7200 3975.4
7300 4425.8
7400 3781.4
7500 4154.6
7600 4284.2
7700 4508.8
7800 4605
7900 4014
8000 5881
8100 4075.4
8200 4451.6
8300 4279.4
8400 7662.8
8500 6529.6
8600 5154.8
8700 6030.8
8800 5661.6
8900 7473.4
9000 5412.2
9100 5877.8
9200 5827.4
9300 5903.8
9400 6915.6
9500 5781.6
9600 6355.6
9700 5863.6
9800 5388.6
9900 5514
10000 5265.4
10100 5822.2
10200 5298.8
10300 6094.6
10400 6652.4
10500 6245
10600 6074
10700 6953.8
10800 7318.6
10900 6322.4
11000 6424.4
11100 6456.8
11200 6586.4
11300 6413.8
11400 6657.2
11500 6771.6
11600 6776.8
11700 7465.4
11800 7033.8
11900 6724.6
12000 6837.6
12100 7425.6
12200 7441.4
12300 12690.8
12400 7330.2
12500 9991.6
12600 9096.2
12700 9052.8
12800 9338
12900 8980.2
13000 12699
13100 10832.8
13200 8380.2
13300 9232
13400 8765.2
13500 9391
13600 7662
13700 8655.2
13800 8258.8
13900 9126.2
14000 10510
14100 9246
14200 9883.4
14300 9254.2
14400 18227.8
14500 10174.2
14600 10573.8
14700 10299.8
14800 11048.8
14900 11016.6
15000 10961
15100 10878.2
15200 11887
15300 10218.6
15400 10201.4
15500 10431
15600 8426.6
15700 9257
15800 9901.8
15900 9308.8
16000 9302.8
16100 11868.4
16200 9396.8
16300 10257.4
16400 11072.2
16500 9960
16600 9920
16700 11900
16800 10285.2
16900 11345.6
17000 10128.4
17100 9408.6
17200 11588.6
17300 9731
17400 10691
17500 14316.8
17600 11927.2
17700 11497.6
17800 11426
17900 16444.2
18000 12130.6
18100 11305.2
18200 11002
18300 10852.4
18400 10933.2
18500 11112.8
18600 11395.6
18700 10787.8
18800 11208.8
18900 11361.6
19000 11644.4
19100 11444.4
19200 16251.8
19300 12234.2
19400 11296
19500 12030.6
19600 11164.6
19700 11563.4
19800 11791.6
19900 11014.6
20000 12622.6
20100 11815.4
20200 13757
20300 12210.4
20400 12452.6
20500 12558
20600 12408.6
20700 12579.4
20800 12027.6
20900 13097
21000 12677.6
21100 15013.6
21200 13049.2
21300 13184
21400 12002.6
21500 12690.6
21600 13759.4
21700 13918.6
21800 12494.2
21900 12361
22000 15866.4
22100 15268.8
22200 17156.6
22300 16864
22400 17136
22500 22895.4
22600 18986.2
22700 20485.4
22800 17878.4
22900 17560.6
23000 15291.2
23100 15563.8
23200 16971
23300 16397.2
23400 15019.8
23500 17096.2
23600 16115
23700 15433.8
23800 16700.8
23900 15994.2
24000 14620.6
24100 15874.6
24200 13960.2
24300 14996.8
24400 18189.2
24500 17848
24600 16393.4
24700 16799.8
24800 24479.6
24900 25933.2
25000 18157.2
25100 18669
25200 19116.2
25300 18324
25400 16905.6
25500 17184.2
25600 19352.4
25700 16713.8
25800 16731.4
25900 19006.4
26000 17515.4
26100 16476.4
26200 17567.2
26300 16553
26400 17418.8
26500 16948.6
26600 17094.2
26700 17021
26800 17616.2
26900 16804.6
27000 18573.6
27100 17294
27200 17299.8
27300 19099
27400 18246.4
27500 16355.4
27600 17579.8
27700 17934.6
27800 17026
27900 18218.8
28000 17497.4
28100 19026.8
28200 17495
28300 24516.2
28400 18667.4
28500 17792.6
28600 17551.4
28700 18901.4
28800 17656.8
28900 18480.8
29000 18042.6
29100 17420.4
29200 18024.4
29300 21762.8
29400 19982.8
29500 19270.2
29600 21183.4
29700 19477.4
29800 18939
29900 20545.4
30000 19318.6
30100 21040.8
30200 18573
30300 19563
30400 19723.8
30500 21326.8
30600 19383.8
30700 19230.8
30800 18381
30900 19179.2
31000 19637.2
31100 19718
31200 21576.4
31300 20003.8
31400 21012
31500 20020.6
31600 20489.6
31700 20627.8
31800 20636.4
31900 21764.2
32000 19419.2
32100 19554
32200 20464.6
32300 22704
32400 22707.4
32500 20601.6
32600 21847.2
32700 21127.4
32800 20838.2
32900 21797.4
33000 22463.8
33100 22384.2
33200 22222.2
33300 22430.6
33400 33183
33500 34471
33600 24071
33700 24233.2
33800 31076.2
33900 23029.8
34000 21022.2
34100 30315
34200 31942.4
34300 20490.4
34400 21550.8
34500 20569.8
34600 23252.6
34700 23757.2
34800 23756
34900 27523.2
35000 24131.8
35100 23821.8
35200 21855.6
35300 22408.4
35400 21635.6
35500 25231.8
35600 28391.4
35700 23220.8
35800 21645
35900 21874.2
36000 22149
36100 23505.4
36200 22377
36300 22458.2
36400 22383.2
36500 21863.6
36600 21294.6
36700 23382
36800 23884.8
36900 21930.8
37000 23643.6
37100 24114.6
37200 21872.8
37300 22537
37400 23765.6
37500 22518.6
37600 22621.2
37700 24454.2
37800 22428
37900 23387
38000 22087.8
38100 23142.4
38200 22939.8
38300 23073.4
38400 23799
38500 25241.8
38600 23320.8
38700 24284
38800 24855.8
38900 23266.4
39000 23122.6
39100 23257.8
39200 22776.2
39300 23770.8
39400 24238.8
39500 25828.2
39600 24101
39700 26149.6
39800 23622.6
39900 23737.6
40000 25531.6
40100 23879.6
40200 23266.2
40300 24940.8
40400 24780
40500 23905.4
40600 25200.2
40700 24278.4
40800 24249.2
40900 27667.6
41000 25560.2
41100 24242.6
41200 25494
41300 33834.2
41400 30696.6
41500 39988.6
41600 25669.8
41700 27940
41800 25645.2
41900 27796.6
42000 25782.4
42100 26767.8
42200 26274.4
42300 25897.4
42400 28677.6
42500 27023.2
42600 26894.6
42700 26607.2
42800 27451.2
42900 26540
43000 27125.6
43100 28520.8
43200 26484.8
43300 26293
43400 25859.2
43500 26746.2
43600 26904
43700 29248
43800 26993.6
43900 28312.8
44000 27962.2
44100 38371
44200 26943.2
44300 27163.2
44400 26641.2
44500 27986.8
44600 28119
44700 27556.4
44800 27187.2
44900 26670
45000 27219.6
45100 26979.6
45200 28058.8
45300 28092.6
45400 30157.4
45500 28200
45600 28320.4
45700 29376.8
45800 27596.2
45900 28321.6
46000 29573.8
46100 27444.8
46200 27990.2
46300 29961.2
46400 28331.6
46500 31987.8
46600 30678.4
46700 27683.4
46800 29301.6
46900 29562.8
47000 28322.6
47100 29996.6
47200 27611
47300 29180
47400 29402.6
47500 28720.8
47600 30134
47700 28508
47800 29101
47900 29633.4
48000 29900.8
48100 28450
48200 28847.8
48300 30432.6
48400 28616.6
48500 29411.8
48600 28337.8
48700 29681.2
48800 29945.8
48900 29779.8
49000 30764.8
49100 30768.8
49200 31255
49300 29189.4
49400 30959.2
49500 32090.8
49600 32172.6
49700 31841.6
49800 33419.2
49900 30998.6
50000 31117.4
50100 29676.2
50200 30932
50300 31001.8
50400 31474.6
50500 31899.2
50600 30588.2
50700 30209.8
50800 30695
50900 32838.4
51000 32363
51100 30857.8
51200 32284
51300 31718.8
51400 30103.8
51500 31679.6
51600 31438.4
51700 30833.2
51800 32730.4
51900 32578.6
52000 32177
52100 32877.4
52200 30989.4
52300 32182.8
52400 31625.2
52500 32134.2
52600 31483.6
52700 31350.6
52800 32324.2
52900 32161
53000 35410.8
53100 34944.4
53200 33534.2
53300 32186.2
53400 32730
53500 32705.8
53600 33076.6
53700 32847.4
53800 33175.6
53900 33602.2
54000 32048.4
54100 31335.8
54200 32786.8
54300 32760.2
54400 33079.4
54500 33767.8
54600 34577.4
54700 32770
54800 32784.2
54900 33695.4
55000 33453.6
55100 33447.6
55200 36353.2
55300 33459.2
55400 33846.6
55500 33404
55600 33579.2
55700 32965.4
55800 35583
55900 33899
56000 32966.2
56100 36671.8
56200 34992.2
56300 34198.8
56400 34633.4
56500 36077
56600 34367.4
56700 34245.6
56800 34333.2
56900 42748.8
57000 34598.4
57100 33917.8
57200 33572.6
57300 35058.2
57400 34342
57500 34319.8
57600 35198.4
57700 34994.4
57800 36461.6
57900 40502.2
58000 46804.8
58100 47129
58200 35795.4
58300 36277.2
58400 37734.2
58500 37579.8
58600 36316
58700 36774.8
58800 38973.6
58900 36355
59000 40463.6
59100 36647.2
59200 37510
59300 39125.2
59400 36910.8
59500 36907.2
59600 36536.2
59700 38968.2
59800 40577.8
59900 35934.6
60000 42617.2
60100 40357.8
60200 53933.6
60300 48601.2
60400 48147
60500 38387
60600 47723
60700 44454.8
60800 42815.4
60900 47312.8
61000 45085.4
61100 51513.6
61200 39438.6
61300 39133.6
61400 38950.4
61500 36483
61600 40473.4
61700 36811.8
61800 44915.6
61900 38331
62000 39973.6
62100 39672.8
62200 43308.8
62300 39900.2
62400 42110.2
62500 43268.4
62600 43556.4
62700 51859.6
62800 41245
62900 40932.4
63000 43041.8
63100 38523
63200 42388
63300 38689.2
63400 40767.8
63500 40615.2
63600 39111.2
63700 49928.6
63800 39606
63900 42004.8
64000 40138.6
64100 42156.6
64200 45896.4
64300 40710.2
64400 39712.8
64500 41062.6
64600 42517
64700 41786.2
64800 38224.4
64900 42697.4
65000 39585.2
65100 39387.8
65200 39499.2
65300 39479.4
65400 40699.8
65500 38295.6
65600 38304.4
65700 38706.2
65800 39099.4
65900 42502.2
66000 42061.6
66100 59031.6
66200 42660.2
66300 41338.6
66400 44301.6
66500 40493.8
66600 40202.8
66700 41229.8
66800 43138.4
66900 40144.6
67000 39907
67100 40654.2
67200 40781.8
67300 41967.8
67400 50114
67500 51097
67600 50261.2
67700 54759.4
67800 49252
67900 46548.8
68000 54414.4
68100 43681.6
68200 49880.4
68300 46344
68400 43573.6
68500 44090.8
68600 44338.6
68700 44972
68800 45962.6
68900 47561.8
69000 46639
69100 61834.2
69200 47279
69300 47009.2
69400 46299.4
69500 46400.2
69600 47948.4
69700 44880.6
69800 48252.2
69900 43439.6
70000 47980.4
70100 42871
70200 44976
70300 45634.8
70400 43533
70500 45122.6
70600 45026.2
70700 44991.6
70800 45397.8
70900 43498
71000 45730.2
71100 50697.8
71200 44510.6
71300 61053.6
71400 78123.8
71500 46477.6
71600 45846
71700 47968.2
71800 45594.6
71900 69617.8
72000 44763.4
72100 44990.2
72200 48191
72300 46711.8
72400 45503.8
72500 47824.4
72600 53620.2
72700 46176.6
72800 44492.8
72900 46226.6
73000 46066.6
73100 45662.8
73200 46943.2
73300 47773.4
73400 44752.6
73500 51717
73600 46301.6
73700 67580.8
73800 47108.6
73900 48438.6
74000 48109.8
74100 54156.2
74200 58973.2
74300 50036.2
74400 48087.4
74500 46908
74600 58575
74700 45480.8
74800 46644.6
74900 50979.6
75000 54073.6
75100 47799
75200 49498.8
75300 49424
75400 86905
75500 48553.6
75600 46196.4
75700 50150.8
75800 46785.6
75900 47045.2
76000 52910.2
76100 49556
76200 49751.4
76300 47198.8
76400 96031.2
76500 46932.4
76600 48847.8
76700 47683.4
76800 46868.8
76900 49476.2
77000 56598.8
77100 47751.4
77200 50753.8
77300 50201.6
77400 50888.6
77500 49457.8
77600 53245.4
77700 58416.8
77800 49060
77900 53109
78000 48491.2
78100 54470.4
78200 50893.4
78300 50351
78400 48514.8
78500 49286
78600 52520.4
78700 48489.6
78800 52988.4
78900 51734.2
79000 64952.4
79100 52667
79200 49595.2
79300 51364.6
79400 58523.8
79500 60644.8
79600 59467.8
79700 57299
79800 52973.8
79900 50584
80000 51411.6
80100 51935
80200 52234.8
80300 53996.4
80400 50088.4
80500 51116.4
80600 50628.6
80700 50823.8
80800 53316
80900 49020.8
81000 56115
81100 53221
81200 49206.6
81300 50409.8
81400 51033
81500 50810.8
81600 55269.6
81700 62402.2
81800 74907.2
81900 56885.4
82000 66599.8
82100 71855.6
82200 59066.2
82300 57084
82400 69549.2
82500 105018
82600 88637.2
82700 76154.2
82800 61516.8
82900 55883.2
83000 60498.6
83100 55392
83200 56163.6
83300 53558.8
83400 52669.8
83500 54524.6
83600 53343.2
83700 55558.4
83800 52823.8
83900 54756.2
84000 55076.8
84100 52959
84200 52592.4
84300 53906.6
84400 52520.4
84500 54187.4
84600 55926.8
84700 58191.6
84800 57507.2
84900 53869.2
85000 53926.2
85100 55016.6
85200 54661
85300 61638.2
85400 54566.6
85500 53363.6
85600 56723.2
85700 52185.2
85800 54467
85900 52953.4
86000 54361.4
86100 52506
86200 53337.4
86300 54141.4
86400 66064.6
86500 65925.6
86600 52903
86700 53501.4
86800 54624.2
86900 53865.4
87000 54060.2
87100 54860.6
87200 53119.8
87300 54721.8
87400 53471
87500 56167.6
87600 56990.2
87700 82261.4
87800 59160.8
87900 57707.6
88000 56822.2
88100 56331.6
88200 62284
88300 54955.6
88400 56454.4
88500 68346.4
88600 68893.8
88700 79517.4
88800 62184.2
88900 62232.8
89000 62959
89100 67895.8
89200 70733.6
89300 67112.2
89400 85760
89500 64343.2
89600 62749.6
89700 69755.8
89800 62588.2
89900 62989
90000 62595.8
90100 62389.4
90200 63349.6
90300 60549.6
90400 60649.8
90500 63081.8
90600 62660.2
90700 62085.6
90800 63343.2
90900 62204.4
91000 64410.8
91100 62137.4
91200 63426.8
91300 62663.4
91400 60851.6
91500 62656.6
91600 64492.2
91700 64867.4
91800 67937.2
91900 61844.8
92000 66618.2
92100 65508.4
92200 61405.8
92300 63734.2
92400 64029
92500 68799.2
92600 66779.2
92700 62528.8
92800 61216.8
92900 61567.8
93000 63830.4
93100 64754.2
93200 67118.6
93300 63887.6
93400 65762.4
93500 65929.6
93600 62293.8
93700 65228.2
93800 65734.2
93900 64494.8
94000 63009.6
94100 65479.8
94200 64770.4
94300 65405.8
94400 66435
94500 63683.2
94600 64383.4
94700 64165.8
94800 62982.6
94900 61773.6
95000 65501.6
95100 68442.8
95200 61368.6
95300 62628.6
95400 66128
95500 59582.2
95600 60943.8
95700 61089.8
95800 59689
95900 62070.4
96000 65853.6
96100 79072.2
96200 71561.4
96300 69251.2
96400 71107
96500 73635.4
96600 69595.2
96700 70811
96800 68542.2
96900 73440.6
97000 72666
97100 68816
97200 69267.8
97300 69065.2
97400 69427.6
97500 73236.6
97600 73571.2
97700 77509.4
97800 67282.8
97900 67496.6
98000 75352
98100 83795.6
98200 89014.2
98300 80512
98400 80143
98500 67594.6
98600 70762.8
98700 78957
98800 80594
98900 68078.4
99000 68886.8
99100 74928.6
99200 67742
99300 71547
99400 69929.6
99500 72082.8
99600 69306.8
99700 64762
99800 70296.2
99900 69501
100000 72498.2
